2 0.06484375 0.25390625 0.025 0.0546875
3 0.42578125 0.3265625 0.01640625 0.06015625
2 0.215625 0.29765625 0.0203125 0.0578125
2 0.5203125 0.359375 0.0171875 0.06015625
2 0.49453125 0.42109375 0.01640625 0.059375
1 0.5828125 0.47578125 0.01796875 0.06484375
3 0.41953125 0.5078125 0.01640625 0.06171875
3 0.65 0.63359375 0.02265625 0.0734375
3 0.6109375 0.203125 0.015625 0.0484375
2 0.159375 0.5171875 0.01875 0.07109375
3 0.85390625 0.53203125 0.01796875 0.06953125
3 0.80078125 0.3171875 0.0203125 0.06640625
3 0.5515625 0.30625 0.01484375 0.05234375
2 0.43125 0.79375 0.0203125 0.08359375
3 0.8203125 0.39140625 0.015625 0.0609375
3 0.5484375 0.39609375 0.015625 0.05859375
3 0.74609375 0.2515625 0.01640625 0.05703125
2 0.17265625 0.128125 0.01640625 0.04375
2 0.46171875 0.203125 0.01328125 0.0515625
0 0.46640625 0.22109375 0.00703125 0.0109375