2 0.53046875 0.3640625 0.0203125 0.0609375
2 0.9109375 0.24453125 0.0234375 0.0515625
2 0.8 0.50625 0.01484375 0.07265625
2 0.50703125 0.140625 0.01171875 0.05078125
3 0.0546875 0.42421875 0.01484375 0.0671875
3 0.484375 0.534375 0.01953125 0.06484375
2 0.79296875 0.10703125 0.0109375 0.0515625
2 0.5296875 0.77265625 0.0171875 0.08203125
2 0.7625 0.26953125 0.0140625 0.05546875
3 0.12265625 0.25625 0.01328125 0.06015625
1 0.4375 0.5078125 0.025 0.06875
3 0.190625 0.61328125 0.01328125 0.07578125
3 0.40546875 0.38203125 0.0140625 0.05625
3 0.2890625 0.2078125 0.01484375 0.05546875
3 0.07265625 0.3484375 0.0140625 0.0671875
2 0.36015625 0.37578125 0.01796875 0.0640625
3 0.01953125 0.5515625 0.01796875 0.06875
3 0.31953125 0.4390625 0.01328125 0.065625
0 0.5265625 0.38046875 0.00625 0.00859375
3 0.31328125 0.3828125 0.0125 0.05390625