2 0.090625 0.24296875 0.0140625 0.05546875
2 0.203125 0.50390625 0.0234375 0.06953125
3 0.82890625 0.6109375 0.015625 0.07421875
2 0.21640625 0.10390625 0.0125 0.0515625
2 0.2390625 0.26875 0.01171875 0.05703125
2 0.48671875 0.76640625 0.0203125 0.0890625
3 0.54296875 0.52890625 0.01640625 0.071875
3 0.60703125 0.39375 0.01953125 0.05390625
3 0.73125 0.20703125 0.01484375 0.0546875
2 0.5015625 0.14375 0.0125 0.05390625
3 0.68671875 0.38046875 0.01328125 0.05703125
3 0.89296875 0.26015625 0.01484375 0.0578125
3 0.96640625 0.4265625 0.01796875 0.06640625
2 0.4609375 0.38046875 0.01875 0.065625
1 0.57265625 0.50546875 0.0171875 0.071875
2 0.62734375 0.37421875 0.01484375 0.06171875
4 0.86484375 0.08125 0.0203125 0.0421875
3 0.94765625 0.35234375 0.0140625 0.06953125
0 0.475 0.38984375 0.00625 0.009375
3 0.6984375 0.44140625 0.0125 0.0671875