2 0.90390625 0.24140625 0.02265625 0.0546875
2 0.5390625 0.39453125 0.0203125 0.05859375
2 0.79609375 0.50078125 0.03515625 0.06875
2 0.4890625 0.73515625 0.01953125 0.0796875
2 0.4875 0.14765625 0.01640625 0.04921875
3 0.08515625 0.25625 0.01640625 0.05859375
3 0.41484375 0.51484375 0.01640625 0.06640625
2 0.76875 0.10234375 0.0140625 0.046875
3 0.2703125 0.4421875 0.03125 0.06640625
3 0.240625 0.21328125 0.01640625 0.05078125
2 0.7609375 0.2703125 0.01640625 0.05703125
3 0.1421875 0.61328125 0.01875 0.078125
3 0.3015625 0.37890625 0.01640625 0.0578125
3 0.02890625 0.35 0.01328125 0.0625
1 0.40859375 0.50390625 0.01328125 0.071875
2 0.38203125 0.36953125 0.01328125 0.06484375
3 0.36796875 0.4 0.01953125 0.05546875
0 0.53046875 0.41171875 0.00625 0.01015625