2 0.90546875 0.2421875 0.01484375 0.05546875
2 0.78515625 0.27890625 0.01796875 0.0546875
2 0.496875 0.1640625 0.015625 0.05078125
3 0.3171875 0.39609375 0.01875 0.0609375
3 0.36953125 0.35625 0.015625 0.053125
2 0.83046875 0.49375 0.02109375 0.06875
2 0.5015625 0.71875 0.0171875 0.0765625
2 0.7984375 0.10546875 0.01484375 0.046875
3 0.04296875 0.34375 0.01484375 0.06484375
3 0.409375 0.50859375 0.01875 0.06953125
3 0.14453125 0.6078125 0.01640625 0.07421875
3 0.29453125 0.33359375 0.0203125 0.05625
2 0.546875 0.3859375 0.02578125 0.059375
3 0.25703125 0.22109375 0.0140625 0.05
2 0.42265625 0.37734375 0.01484375 0.06015625
3 0.09375 0.253125 0.01328125 0.05390625
3 0.13046875 0.07734375 0.015625 0.04453125
0 0.47265625 0.40078125 0.00859375 0.009375
1 0.41328125 0.47109375 0.01640625 0.06015625