2 0.4578125 0.79609375 0.03125 0.07890625
2 0.184375 0.5109375 0.01953125 0.0671875
3 0.57265625 0.365625 0.01953125 0.059375
3 0.4 0.3265625 0.01796875 0.0609375
3 0.78125 0.31015625 0.01953125 0.06640625
2 0.51171875 0.40703125 0.015625 0.059375
3 0.72421875 0.24609375 0.0140625 0.05546875
3 0.42109375 0.46796875 0.015625 0.06484375
2 0.08203125 0.2515625 0.0140625 0.0578125
2 0.23125 0.2953125 0.015625 0.05859375
3 0.796875 0.38515625 0.01796875 0.065625
2 0.46171875 0.2125 0.01796875 0.046875
2 0.60390625 0.21015625 0.015625 0.04921875
2 0.52265625 0.3484375 0.0140625 0.0453125
3 0.8265625 0.52109375 0.0234375 0.065625
3 0.60859375 0.63125 0.01796875 0.07265625
1 0.5953125 0.45703125 0.015625 0.05859375
3 0.53828125 0.27890625 0.01875 0.05078125
2 0.1828125 0.12109375 0.02109375 0.06015625
0 0.46796875 0.23359375 0.00546875 0.0078125