3 0.63359375 0.29375 0.01640625 0.05
2 0.03984375 0.8953125 0.02265625 0.08203125
2 0.56328125 0.1796875 0.01640625 0.05234375
3 0.66796875 0.49453125 0.01875 0.05546875
1 0.60234375 0.48515625 0.01875 0.06640625
2 0.15078125 0.23984375 0.02265625 0.05859375
2 0.2625 0.0984375 0.021875 0.04453125
3 0.925 0.58984375 0.01640625 0.071875
3 0.80078125 0.23515625 0.01640625 0.05546875
2 0.2453125 0.2859375 0.0140625 0.05859375
2 0.45703125 0.3828125 0.0234375 0.059375
3 0.7859375 0.32578125 0.01640625 0.0609375
3 0.96015625 0.25 0.0171875 0.05859375
2 0.58828125 0.6828125 0.021875 0.0765625
2 0.21328125 0.48125 0.01875 0.06875
2 0.61953125 0.37890625 0.01484375 0.0578125
0 0.5328125 0.40859375 0.00859375 0.01328125
3 0.79765625 0.4203125 0.01796875 0.0671875