3 0.94609375 0.5515625 0.0171875 0.0625
2 0.05 0.24609375 0.015625 0.0578125
1 0.5421875 0.4796875 0.01875 0.06171875
3 0.51015625 0.51875 0.0140625 0.0609375
3 0.5859375 0.39296875 0.01796875 0.05625
2 0.13359375 0.50078125 0.02578125 0.07265625
2 0.43984375 0.71171875 0.02109375 0.08203125
2 0.46640625 0.1703125 0.01484375 0.04609375
2 0.1859375 0.27421875 0.01484375 0.053125
2 0.45078125 0.3953125 0.01796875 0.05625
3 0.78203125 0.60703125 0.01640625 0.07109375
3 0.63515625 0.334375 0.015625 0.05078125
2 0.496875 0.378125 0.015625 0.05078125
3 0.853125 0.25625 0.0125 0.05625
3 0.68671875 0.21875 0.01484375 0.05234375
3 0.89921875 0.3484375 0.015625 0.059375
3 0.925 0.42578125 0.01875 0.065625
2 0.1609375 0.1078125 0.009375 0.04921875
3 0.5546875 0.37734375 0.0234375 0.05546875
0 0.4953125 0.39296875 0.0109375 0.01953125