2 0.8875 0.2203125 0.0203125 0.05625
2 0.54609375 0.33359375 0.025 0.06015625
3 0.6140625 0.38828125 0.021875 0.05859375
2 0.5171875 0.7703125 0.021875 0.075
2 0.7875 0.10625 0.01953125 0.0453125
3 0.48671875 0.60078125 0.01953125 0.07421875
2 0.7359375 0.2546875 0.0171875 0.05234375
2 0.5328125 0.24140625 0.01640625 0.04921875
2 0.7734375 0.46953125 0.01875 0.07109375
2 0.47578125 0.353125 0.01875 0.06015625
3 0.26328125 0.4921875 0.01796875 0.06640625
3 0.48828125 0.28984375 0.015625 0.04375
3 0.53125 0.171875 0.0140625 0.04609375
3 0.31171875 0.21875 0.0171875 0.0515625
3 0.51953125 0.30078125 0.015625 0.05546875
3 0.44140625 0.3578125 0.0203125 0.06484375
1 0.4328125 0.40703125 0.0140625 0.06484375
0 0.55078125 0.36171875 0.00390625 0.009375
3 0.29140625 0.3 0.0140625 0.0671875
3 0.2828125 0.37109375 0.01640625 0.0609375