2 0.5171875 0.7828125 0.01953125 0.084375
2 0.50625 0.334375 0.01484375 0.05859375
3 0.2015625 0.5171875 0.01953125 0.0671875
2 0.7484375 0.2796875 0.01640625 0.05859375
3 0.5515625 0.4296875 0.01953125 0.06015625
2 0.89765625 0.24140625 0.0203125 0.05859375
3 0.42265625 0.6265625 0.01953125 0.07734375
3 0.58515625 0.2921875 0.01796875 0.05703125
1 0.40546875 0.4265625 0.015625 0.059375
2 0.54375 0.2453125 0.01640625 0.05234375
3 0.23359375 0.3765625 0.0171875 0.06484375
3 0.29296875 0.23515625 0.015625 0.0546875
2 0.47265625 0.39140625 0.0234375 0.06796875
2 0.79375 0.121875 0.01875 0.04765625
2 0.7890625 0.49921875 0.02578125 0.07421875
3 0.4328125 0.37109375 0.01875 0.06171875
0 0.5328125 0.27890625 0.00546875 0.01015625
3 0.47890625 0.25546875 0.01484375 0.04453125
3 0.48828125 0.2078125 0.0140625 0.053125
3 0.2421875 0.303125 0.01328125 0.0671875