2 0.57109375 0.7828125 0.02421875 0.0828125
2 0.8484375 0.51953125 0.0265625 0.06953125
3 0.55078125 0.5328125 0.0171875 0.065625
2 0.50546875 0.43125 0.01640625 0.05859375
2 0.79453125 0.29375 0.01953125 0.059375
4 0.94375 0.2546875 0.025 0.05546875
2 0.49453125 0.35234375 0.0171875 0.05546875
1 0.4390625 0.5 0.01953125 0.07109375
3 0.44140625 0.41328125 0.0171875 0.0671875
3 0.37109375 0.20234375 0.01796875 0.0515625
3 0.30078125 0.62890625 0.01875 0.07265625
2 0.840625 0.121875 0.01875 0.0484375
3 0.1421875 0.4015625 0.01640625 0.06328125
3 0.4296875 0.334375 0.01484375 0.0546875
3 0.16171875 0.32578125 0.01796875 0.06484375
2 0.52890625 0.19765625 0.01328125 0.0453125
3 0.5359375 0.34609375 0.015625 0.05625
3 0.2125 0.25390625 0.015625 0.0546875
3 0.1078125 0.5359375 0.01640625 0.0625