2 0.4765625 0.7859375 0.03203125 0.08359375
2 0.24609375 0.284375 0.015625 0.05390625
3 0.57734375 0.634375 0.02265625 0.071875
2 0.45859375 0.2390625 0.015625 0.0484375
3 0.8015625 0.51796875 0.01953125 0.06796875
2 0.2046875 0.5 0.01796875 0.07265625
2 0.09609375 0.24296875 0.01484375 0.05625
2 0.52421875 0.39140625 0.01953125 0.0609375
2 0.496875 0.33515625 0.015625 0.0578125
3 0.44296875 0.4375 0.015625 0.05859375
3 0.4046875 0.30234375 0.0171875 0.0578125
1 0.59609375 0.43203125 0.01640625 0.06015625
3 0.7015625 0.2375 0.015625 0.05625
3 0.56953125 0.36796875 0.015625 0.05859375
3 0.771875 0.3765625 0.015625 0.0609375
3 0.7609375 0.30625 0.01640625 0.0671875
2 0.2 0.1203125 0.0140625 0.04765625
0 0.46328125 0.25859375 0.00546875 0.01015625
3 0.53046875 0.2515625 0.015625 0.03828125
3 0.5328125 0.209375 0.01328125 0.04921875