2 0.2171875 0.4734375 0.01875 0.06875
2 0.10546875 0.21875 0.01875 0.05859375
3 0.38671875 0.39140625 0.01875 0.0625
2 0.47265625 0.77109375 0.02265625 0.078125
2 0.25625 0.25390625 0.02265625 0.05546875
2 0.20625 0.10703125 0.0140625 0.046875
2 0.51015625 0.35625 0.01953125 0.05859375
3 0.68984375 0.2171875 0.01484375 0.05234375
2 0.46015625 0.24296875 0.01796875 0.05
3 0.5171875 0.603125 0.0171875 0.0765625
3 0.546875 0.365625 0.01953125 0.05859375
3 0.7421875 0.4953125 0.01796875 0.06875
1 0.56484375 0.41015625 0.01796875 0.0625
3 0.46875 0.1828125 0.0140625 0.05
2 0.45859375 0.325 0.02109375 0.06171875
0 0.45703125 0.3546875 0.0046875 0.0109375
3 0.46953125 0.29453125 0.01484375 0.0546875
3 0.50625 0.2765625 0.01796875 0.0515625
3 0.709375 0.30078125 0.0125 0.06640625
3 0.71796875 0.3640625 0.0140625 0.0609375