2 0.959375 0.24609375 0.0234375 0.05625
2 0.87109375 0.50078125 0.0234375 0.06640625
3 0.44140625 0.39375 0.015625 0.06015625
1 0.46640625 0.48359375 0.01875 0.0609375
3 0.521875 0.521875 0.01640625 0.059375
2 0.5375 0.403125 0.02421875 0.06171875
3 0.10234375 0.42265625 0.021875 0.0625
2 0.5390625 0.17890625 0.015625 0.0484375
3 0.3359375 0.22109375 0.01796875 0.04921875
2 0.8203125 0.27578125 0.01640625 0.05390625
3 0.56640625 0.71171875 0.0203125 0.07734375
3 0.47890625 0.37734375 0.0171875 0.05703125
3 0.24140625 0.6078125 0.01875 0.07265625
3 0.16328125 0.25703125 0.01484375 0.05546875
2 0.51640625 0.36328125 0.01953125 0.04921875
3 0.075 0.55546875 0.01640625 0.06875
3 0.1171875 0.3484375 0.01484375 0.06171875
2 0.85234375 0.109375 0.01328125 0.0484375
3 0.38671875 0.33046875 0.015625 0.05703125
0 0.51640625 0.3828125 0.0109375 0.0140625