2 0.10546875 0.21875 0.01796875 0.05546875
3 0.403125 0.39375 0.015625 0.0578125
2 0.46953125 0.7703125 0.021875 0.078125
3 0.5234375 0.60703125 0.01875 0.07421875
2 0.20234375 0.10859375 0.02109375 0.046875
2 0.2515625 0.2578125 0.01640625 0.05390625
2 0.453125 0.24296875 0.01640625 0.0546875
3 0.54453125 0.3703125 0.0203125 0.06328125
3 0.471875 0.18515625 0.0125 0.05
3 0.74765625 0.4984375 0.01484375 0.0703125
2 0.50390625 0.3671875 0.0171875 0.0609375
2 0.21640625 0.4734375 0.01953125 0.0671875
3 0.5015625 0.2703125 0.01875 0.053125
1 0.56953125 0.40859375 0.01796875 0.0671875
3 0.6984375 0.22890625 0.0203125 0.04296875
2 0.46171875 0.32578125 0.01875 0.0546875
3 0.715625 0.3 0.01171875 0.06328125
3 0.72421875 0.36484375 0.01015625 0.06875
3 0.459375 0.29296875 0.01640625 0.06015625
0 0.46875 0.34765625 0.0078125 0.0140625