3 0.5328125 0.53203125 0.01796875 0.06875
2 0.4984375 0.140625 0.0125 0.05234375
1 0.5703125 0.50546875 0.0203125 0.07109375
2 0.2390625 0.26953125 0.01875 0.05546875
3 0.72421875 0.20546875 0.0125 0.05546875
2 0.2 0.5046875 0.025 0.07109375
2 0.09140625 0.2421875 0.015625 0.05390625
2 0.2125 0.1046875 0.01328125 0.05078125
3 0.821875 0.61171875 0.0140625 0.07421875
2 0.48203125 0.77109375 0.01796875 0.08828125
3 0.9578125 0.42421875 0.01484375 0.06796875
3 0.88828125 0.2609375 0.0140625 0.05625
2 0.4625 0.37109375 0.01640625 0.06484375
3 0.60078125 0.39140625 0.01796875 0.05703125
2 0.6296875 0.37578125 0.01484375 0.0625
3 0.94140625 0.3515625 0.01328125 0.065625
3 0.68671875 0.3828125 0.0140625 0.0546875
3 0.9953125 0.5515625 0.009375 0.0671875
0 0.475 0.3875 0.00546875 0.01015625
3 0.6921875 0.44140625 0.01171875 0.0671875