3 0.15390625 0.5921875 0.0171875 0.06640625
2 0.9078125 0.24375 0.015625 0.0515625
3 0.39765625 0.3171875 0.01875 0.0546875
3 0.29921875 0.41015625 0.0203125 0.0671875
3 0.10390625 0.2546875 0.015625 0.05234375
2 0.43125 0.38046875 0.01875 0.0640625
3 0.05390625 0.34609375 0.01640625 0.0703125
2 0.5015625 0.69296875 0.015625 0.0765625
3 0.0171875 0.425 0.01953125 0.0640625
3 0.2890625 0.33046875 0.01640625 0.0578125
2 0.496875 0.1765625 0.015625 0.05
2 0.80625 0.28359375 0.01328125 0.05546875
2 0.8515625 0.4875 0.01640625 0.06796875
3 0.40234375 0.4984375 0.0171875 0.05703125
3 0.259375 0.23125 0.015625 0.053125
1 0.43828125 0.4859375 0.0140625 0.059375
2 0.79453125 0.1015625 0.01171875 0.04296875
2 0.5953125 0.38828125 0.01640625 0.06953125
0 0.5046875 0.4140625 0.00859375 0.0140625