2 0.09453125 0.2421875 0.01484375 0.05546875
2 0.21484375 0.27890625 0.01796875 0.0546875
2 0.503125 0.1640625 0.015625 0.05078125
3 0.6828125 0.39609375 0.01875 0.0609375
3 0.63046875 0.35625 0.015625 0.053125
2 0.16953125 0.49375 0.02109375 0.06875
2 0.4984375 0.71875 0.0171875 0.0765625
2 0.2015625 0.10546875 0.01484375 0.046875
3 0.95703125 0.34375 0.01484375 0.06484375
3 0.590625 0.50859375 0.01875 0.06953125
3 0.85546875 0.6078125 0.01640625 0.07421875
3 0.70546875 0.33359375 0.0203125 0.05625
2 0.453125 0.3859375 0.02578125 0.059375
3 0.74296875 0.22109375 0.0140625 0.05
2 0.57734375 0.37734375 0.01484375 0.06015625
3 0.90625 0.253125 0.01328125 0.05390625
3 0.86953125 0.07734375 0.015625 0.04453125
0 0.52734375 0.40078125 0.00859375 0.009375
1 0.58671875 0.47109375 0.01640625 0.06015625