2 0.51640625 0.78203125 0.02109375 0.08125
2 0.5140625 0.33125 0.0171875 0.06015625
3 0.54921875 0.42734375 0.01875 0.06171875
2 0.89765625 0.240625 0.015625 0.05546875
2 0.79375 0.12265625 0.02109375 0.04609375
3 0.20546875 0.5140625 0.01796875 0.06796875
3 0.2953125 0.2296875 0.01640625 0.05390625
2 0.7484375 0.27734375 0.01796875 0.05234375
3 0.5828125 0.29296875 0.021875 0.05625
2 0.5453125 0.24765625 0.01640625 0.05078125
2 0.47109375 0.38671875 0.01953125 0.065625
3 0.4265625 0.62578125 0.01953125 0.07109375
3 0.2390625 0.37421875 0.0171875 0.0640625
1 0.4078125 0.42265625 0.01875 0.0625
2 0.7859375 0.496875 0.02421875 0.07265625
3 0.4984375 0.2125 0.02109375 0.04765625
3 0.43203125 0.37265625 0.0203125 0.0625
3 0.24609375 0.303125 0.01171875 0.06953125
3 0.484375 0.25625 0.0125 0.05234375
0 0.53046875 0.29140625 0.0046875 0.01171875