2 0.040625 0.24609375 0.0234375 0.05625
2 0.12890625 0.50078125 0.0234375 0.06640625
3 0.55859375 0.39375 0.015625 0.06015625
1 0.53359375 0.48359375 0.01875 0.0609375
3 0.478125 0.521875 0.01640625 0.059375
2 0.4625 0.403125 0.02421875 0.06171875
3 0.89765625 0.42265625 0.021875 0.0625
2 0.4609375 0.17890625 0.015625 0.0484375
3 0.6640625 0.22109375 0.01796875 0.04921875
2 0.1796875 0.27578125 0.01640625 0.05390625
3 0.43359375 0.71171875 0.0203125 0.07734375
3 0.52109375 0.37734375 0.0171875 0.05703125
3 0.75859375 0.6078125 0.01875 0.07265625
3 0.83671875 0.25703125 0.01484375 0.05546875
2 0.48359375 0.36328125 0.01953125 0.04921875
3 0.925 0.55546875 0.01640625 0.06875
3 0.8828125 0.3484375 0.01484375 0.06171875
2 0.14765625 0.109375 0.01328125 0.0484375
3 0.61328125 0.33046875 0.015625 0.05703125
0 0.48359375 0.3828125 0.0109375 0.0140625