3 0.55 0.4171875 0.015625 0.05625
2 0.89609375 0.23046875 0.015625 0.053125
2 0.7484375 0.26875 0.01484375 0.0515625
3 0.44140625 0.61953125 0.01640625 0.07265625
1 0.4109375 0.41953125 0.01875 0.06015625
2 0.7875 0.4875 0.02109375 0.065625
2 0.525 0.77734375 0.01953125 0.0765625
2 0.52890625 0.325 0.01796875 0.0484375
2 0.475 0.3796875 0.02109375 0.05859375
2 0.54921875 0.24765625 0.01484375 0.05078125
2 0.7953125 0.115625 0.01484375 0.04609375
3 0.56875 0.2875 0.01640625 0.05078125
3 0.2515625 0.3703125 0.015625 0.06484375
3 0.2234375 0.509375 0.01484375 0.06796875
3 0.5125 0.20703125 0.01796875 0.04453125
3 0.25859375 0.30234375 0.01484375 0.059375
3 0.43203125 0.371875 0.0140625 0.05078125
3 0.28984375 0.221875 0.015625 0.053125
3 0.49375 0.259375 0.015625 0.05234375
0 0.525 0.34140625 0.00625 0.0125