3 0.09296875 0.41875 0.0203125 0.0640625
3 0.50859375 0.515625 0.01796875 0.065625
2 0.540625 0.396875 0.01796875 0.05703125
2 0.95625 0.24609375 0.01953125 0.0578125
2 0.56328125 0.7078125 0.02265625 0.07578125
2 0.8171875 0.27578125 0.0171875 0.053125
3 0.0703125 0.5546875 0.01640625 0.06484375
2 0.53828125 0.1765625 0.015625 0.05078125
1 0.46171875 0.4796875 0.01875 0.0703125
3 0.1140625 0.3484375 0.015625 0.06484375
2 0.84921875 0.109375 0.0140625 0.04609375
3 0.43671875 0.3953125 0.01875 0.065625
3 0.325 0.21875 0.01484375 0.05234375
3 0.2328125 0.60859375 0.01640625 0.071875
2 0.5140625 0.36796875 0.01796875 0.05625
3 0.4703125 0.38125 0.01953125 0.05546875
3 0.1578125 0.25625 0.01328125 0.05390625
3 0.3828125 0.3296875 0.01640625 0.0546875
2 0.8703125 0.50078125 0.01640625 0.07109375