2 0.89140625 0.21796875 0.01484375 0.05546875
2 0.525 0.7703125 0.01875 0.06328125
2 0.53671875 0.24296875 0.01953125 0.04765625
2 0.54296875 0.32890625 0.01953125 0.0578125
2 0.77890625 0.4734375 0.015625 0.06171875
3 0.61640625 0.3859375 0.0171875 0.05859375
2 0.48359375 0.35546875 0.0171875 0.059375
3 0.48515625 0.60234375 0.01796875 0.075
2 0.73984375 0.25390625 0.01640625 0.05234375
2 0.78984375 0.1046875 0.01484375 0.0453125
3 0.490625 0.2828125 0.0140625 0.04765625
3 0.31171875 0.21875 0.01640625 0.0515625
3 0.2609375 0.49375 0.01796875 0.0671875
3 0.53046875 0.18046875 0.0140625 0.05
3 0.52421875 0.29921875 0.0125 0.053125
3 0.44609375 0.3625 0.02109375 0.06015625
3 0.290625 0.3 0.0171875 0.06953125
3 0.28203125 0.365625 0.01640625 0.065625
1 0.43515625 0.40625 0.01640625 0.06484375
0 0.54765625 0.3578125 0.00546875 0.01171875