2 0.940625 0.25625 0.01875 0.0578125
3 0.56953125 0.3296875 0.015625 0.0578125
2 0.57109375 0.79140625 0.02578125 0.08359375
2 0.50625 0.421875 0.01640625 0.06015625
3 0.14140625 0.5328125 0.0171875 0.0640625
2 0.48125 0.3578125 0.015625 0.059375
2 0.84375 0.5203125 0.015625 0.0625
3 0.390625 0.20390625 0.01640625 0.04921875
1 0.41953125 0.48203125 0.015625 0.0625
3 0.57734375 0.51328125 0.0171875 0.06875
3 0.19609375 0.3171875 0.01796875 0.065625
3 0.34609375 0.6328125 0.02578125 0.075
3 0.175 0.39453125 0.0203125 0.0640625
2 0.78984375 0.3 0.0140625 0.05625
3 0.25 0.253125 0.01953125 0.059375
3 0.4484375 0.3109375 0.015625 0.0578125
2 0.8296875 0.128125 0.01328125 0.04375
3 0.4515625 0.396875 0.015625 0.059375
2 0.5375 0.20234375 0.0140625 0.05
3 0.53125 0.22109375 0.00625 0.01171875