2 0.46953125 0.190625 0.0140625 0.05078125
3 0.90703125 0.546875 0.01953125 0.071875
3 0.73359375 0.61875 0.01796875 0.06953125
2 0.13671875 0.50859375 0.025 0.0671875
3 0.88046875 0.415625 0.01640625 0.0640625
3 0.4546875 0.5234375 0.0171875 0.06640625
3 0.59375 0.3296875 0.0171875 0.05703125
3 0.55703125 0.40546875 0.01796875 0.06484375
2 0.1890625 0.27734375 0.01640625 0.05703125
2 0.42265625 0.74375 0.0203125 0.0828125
3 0.6359375 0.21796875 0.0140625 0.046875
2 0.14765625 0.11171875 0.02109375 0.03984375
2 0.0453125 0.25234375 0.01875 0.0578125
3 0.8640625 0.34375 0.0171875 0.065625
1 0.5375 0.48984375 0.01640625 0.06875
3 0.815625 0.25546875 0.01640625 0.0546875
2 0.47734375 0.4234375 0.0171875 0.06953125
2 0.48359375 0.3453125 0.01328125 0.06015625
3 0.4984375 0.36015625 0.015625 0.065625
0 0.47578125 0.29765625 0.0078125 0.01953125