2 0.4828125 0.7828125 0.01953125 0.084375
2 0.49375 0.334375 0.01484375 0.05859375
3 0.7984375 0.5171875 0.01953125 0.0671875
2 0.2515625 0.2796875 0.01640625 0.05859375
3 0.4484375 0.4296875 0.01953125 0.06015625
2 0.10234375 0.24140625 0.0203125 0.05859375
3 0.57734375 0.6265625 0.01953125 0.07734375
3 0.41484375 0.2921875 0.01796875 0.05703125
1 0.59453125 0.4265625 0.015625 0.059375
2 0.45625 0.2453125 0.01640625 0.05234375
3 0.76640625 0.3765625 0.0171875 0.06484375
3 0.70703125 0.23515625 0.015625 0.0546875
2 0.52734375 0.39140625 0.0234375 0.06796875
2 0.20625 0.121875 0.01875 0.04765625
2 0.2109375 0.49921875 0.02578125 0.07421875
3 0.5671875 0.37109375 0.01875 0.06171875
0 0.4671875 0.27890625 0.00546875 0.01015625
3 0.52109375 0.25546875 0.01484375 0.04453125
3 0.51171875 0.2078125 0.0140625 0.053125
3 0.7578125 0.303125 0.01328125 0.0671875