2 0.4890625 0.35625 0.01796875 0.05546875
2 0.5703125 0.78515625 0.0203125 0.0828125
2 0.94140625 0.2546875 0.01640625 0.05625
2 0.84765625 0.521875 0.02734375 0.06875
2 0.79296875 0.2953125 0.021875 0.059375
3 0.3046875 0.6328125 0.021875 0.06796875
3 0.553125 0.53203125 0.015625 0.06171875
2 0.5046875 0.43046875 0.0171875 0.059375
3 0.371875 0.203125 0.01875 0.05078125
3 0.1453125 0.3984375 0.01875 0.06875
2 0.83984375 0.12421875 0.0203125 0.0484375
1 0.434375 0.496875 0.0203125 0.071875
3 0.43125 0.33203125 0.01484375 0.05390625
3 0.440625 0.41328125 0.01796875 0.0671875
3 0.11171875 0.53671875 0.0171875 0.06484375
3 0.16484375 0.3265625 0.01796875 0.065625
3 0.53828125 0.3484375 0.01484375 0.05625
2 0.5265625 0.1984375 0.0140625 0.0453125
3 0.2171875 0.25390625 0.0140625 0.053125
0 0.52109375 0.21484375 0.0046875 0.0078125