2 0.55625 0.79765625 0.02578125 0.078125
3 0.36875 0.63125 0.02109375 0.07265625
2 0.83203125 0.5140625 0.01875 0.06953125
3 0.584375 0.325 0.01796875 0.06015625
3 0.58359375 0.49140625 0.0171875 0.06171875
2 0.5015625 0.41328125 0.01875 0.0625
3 0.15703125 0.52578125 0.01796875 0.06875
3 0.18984375 0.390625 0.0171875 0.06484375
3 0.39296875 0.2078125 0.01640625 0.0453125
2 0.77890625 0.29296875 0.01484375 0.05546875
2 0.4703125 0.36484375 0.0265625 0.05703125
2 0.928125 0.253125 0.015625 0.0578125
3 0.44375 0.38671875 0.0203125 0.06015625
3 0.20625 0.3125 0.015625 0.06484375
3 0.4546875 0.29453125 0.01328125 0.05
2 0.82265625 0.12578125 0.0125 0.053125
3 0.2640625 0.24921875 0.01796875 0.05703125
1 0.4125 0.465625 0.01484375 0.06171875
2 0.5421875 0.203125 0.01484375 0.04921875
0 0.5375 0.22265625 0.00625 0.00859375