3 0.80546875 0.51796875 0.01953125 0.0671875
3 0.4328125 0.4421875 0.0203125 0.0546875
2 0.19921875 0.50078125 0.021875 0.06796875
2 0.09296875 0.2453125 0.02421875 0.05859375
3 0.578125 0.63359375 0.01875 0.071875
2 0.24453125 0.2921875 0.015625 0.05234375
3 0.396875 0.31015625 0.01796875 0.0609375
2 0.5203125 0.39453125 0.0171875 0.059375
2 0.471875 0.7875 0.01875 0.08125
2 0.4609375 0.23203125 0.01953125 0.05234375
2 0.49921875 0.34140625 0.015625 0.06015625
3 0.571875 0.36953125 0.01484375 0.05859375
3 0.69765625 0.24140625 0.01640625 0.0546875
3 0.5328125 0.2578125 0.01484375 0.04453125
3 0.77109375 0.37890625 0.01640625 0.06484375
3 0.76796875 0.3078125 0.01484375 0.06015625
2 0.196875 0.1265625 0.0171875 0.0453125
3 0.5546875 0.20703125 0.0171875 0.05390625
1 0.59375 0.4359375 0.0140625 0.06328125
0 0.465625 0.25390625 0.00546875 0.0125