2 0.396875 0.8078125 0.025 0.08125
3 0.4234375 0.54375 0.02109375 0.06796875
2 0.45234375 0.13984375 0.0140625 0.0515625
2 0.0625 0.2453125 0.01328125 0.05625
1 0.5234375 0.51328125 0.02109375 0.06953125
3 0.69140625 0.61640625 0.01640625 0.07109375
2 0.1671875 0.1125 0.01953125 0.0453125
2 0.48515625 0.32265625 0.02109375 0.05625
2 0.16640625 0.50859375 0.02578125 0.071875
3 0.8765625 0.5203125 0.01796875 0.06328125
3 0.52890625 0.32578125 0.0125 0.0546875
2 0.2078125 0.26875 0.01796875 0.05859375
3 0.79140625 0.2546875 0.01796875 0.05234375
3 0.62734375 0.2 0.0140625 0.053125
3 0.85390625 0.3984375 0.0171875 0.06328125
0 0.490625 0.33828125 0.0046875 0.00859375
3 0.6265625 0.42890625 0.01640625 0.06328125
2 0.61640625 0.37578125 0.01484375 0.06015625
3 0.63125 0.3640625 0.015625 0.0578125
3 0.83828125 0.33203125 0.01328125 0.065625