2 0.85234375 0.10859375 0.01875 0.0421875
1 0.46640625 0.4890625 0.02109375 0.06796875
2 0.5375 0.18671875 0.015625 0.05234375
2 0.81640625 0.2765625 0.01875 0.05546875
3 0.53828125 0.5234375 0.015625 0.0609375
3 0.35859375 0.21796875 0.0125 0.046875
3 0.178125 0.25625 0.015625 0.05234375
2 0.8671875 0.50234375 0.0171875 0.065625
2 0.52890625 0.41875 0.01796875 0.05703125
3 0.25703125 0.61640625 0.025 0.0703125
3 0.44453125 0.39921875 0.0171875 0.06171875
3 0.11640625 0.4203125 0.01875 0.06328125
2 0.575 0.72890625 0.01953125 0.08359375
3 0.08828125 0.5515625 0.01953125 0.071875
2 0.959375 0.25078125 0.015625 0.0546875
3 0.4921875 0.36640625 0.01796875 0.05390625
3 0.1328125 0.3453125 0.015625 0.0609375
3 0.4015625 0.328125 0.01640625 0.05703125
2 0.5171875 0.35234375 0.015625 0.046875
0 0.5234375 0.32578125 0.0078125 0.01015625