2 0.603125 0.8078125 0.025 0.08125
3 0.5765625 0.54375 0.02109375 0.06796875
2 0.54765625 0.13984375 0.0140625 0.0515625
2 0.9375 0.2453125 0.01328125 0.05625
1 0.4765625 0.51328125 0.02109375 0.06953125
3 0.30859375 0.61640625 0.01640625 0.07109375
2 0.8328125 0.1125 0.01953125 0.0453125
2 0.51484375 0.32265625 0.02109375 0.05625
2 0.83359375 0.50859375 0.02578125 0.071875
3 0.1234375 0.5203125 0.01796875 0.06328125
3 0.47109375 0.32578125 0.0125 0.0546875
2 0.7921875 0.26875 0.01796875 0.05859375
3 0.20859375 0.2546875 0.01796875 0.05234375
3 0.37265625 0.2 0.0140625 0.053125
3 0.14609375 0.3984375 0.0171875 0.06328125
0 0.509375 0.33828125 0.0046875 0.00859375
3 0.3734375 0.42890625 0.01640625 0.06328125
2 0.38359375 0.37578125 0.01484375 0.06015625
3 0.36875 0.3640625 0.015625 0.0578125
3 0.16171875 0.33203125 0.01328125 0.065625