2 0.1453125 0.51875 0.021875 0.06875
2 0.19765625 0.29140625 0.0203125 0.0515625
1 0.54609375 0.496875 0.01484375 0.0640625
2 0.42421875 0.77109375 0.01875 0.0828125
3 0.5546875 0.409375 0.0171875 0.0671875
3 0.80234375 0.25546875 0.015625 0.0546875
2 0.490625 0.43359375 0.0171875 0.065625
2 0.15546875 0.1203125 0.01796875 0.04453125
3 0.6328125 0.2078125 0.01484375 0.04765625
3 0.84765625 0.3328125 0.01640625 0.0609375
3 0.5703125 0.3390625 0.01875 0.05625
3 0.86953125 0.40859375 0.0171875 0.06484375
2 0.49296875 0.3484375 0.0171875 0.05625
3 0.89765625 0.53515625 0.01796875 0.06796875
2 0.4625 0.1890625 0.0140625 0.05078125
3 0.45234375 0.528125 0.01484375 0.06484375
2 0.05 0.25234375 0.01640625 0.05859375
3 0.4734375 0.35390625 0.0140625 0.05546875
3 0.715625 0.62421875 0.0171875 0.071875