2 0.909375 0.24375 0.01953125 0.053125
2 0.7625 0.26953125 0.01953125 0.0546875
2 0.50390625 0.140625 0.01484375 0.05
2 0.53515625 0.3671875 0.01328125 0.06015625
1 0.43359375 0.5078125 0.02578125 0.06953125
2 0.790625 0.10625 0.01171875 0.05
3 0.478125 0.5328125 0.01875 0.06484375
2 0.8015625 0.5046875 0.01796875 0.07109375
3 0.40234375 0.38984375 0.01640625 0.0625
3 0.28359375 0.20625 0.01484375 0.05078125
2 0.365625 0.3734375 0.02265625 0.0640625
3 0.009375 0.55234375 0.01640625 0.06953125
2 0.5234375 0.77265625 0.01953125 0.0828125
3 0.11796875 0.26015625 0.01328125 0.0578125
3 0.0484375 0.42421875 0.01640625 0.06875
3 0.18515625 0.61171875 0.01484375 0.07421875
0 0.52578125 0.384375 0.00625 0.009375
3 0.315625 0.3828125 0.01484375 0.0546875
3 0.3140625 0.44140625 0.01171875 0.0671875
3 0.06640625 0.34921875 0.0109375 0.06796875