2 0.853125 0.1109375 0.02109375 0.04140625
2 0.53515625 0.19140625 0.01484375 0.0484375
3 0.090625 0.55 0.01875 0.07265625
3 0.11640625 0.4203125 0.015625 0.06015625
2 0.86640625 0.50546875 0.01953125 0.07109375
2 0.95546875 0.25078125 0.01875 0.05546875
3 0.5421875 0.52265625 0.01640625 0.0640625
2 0.578125 0.73671875 0.01953125 0.08515625
3 0.2609375 0.61796875 0.01875 0.06953125
2 0.81328125 0.27890625 0.01484375 0.0515625
3 0.3609375 0.2203125 0.015625 0.0484375
1 0.46328125 0.48828125 0.01640625 0.06953125
3 0.44609375 0.4015625 0.015625 0.0625
3 0.1328125 0.34453125 0.01796875 0.0671875
3 0.496875 0.3609375 0.0171875 0.05859375
2 0.52734375 0.421875 0.01640625 0.0578125
3 0.18125 0.25859375 0.015625 0.05078125
3 0.40703125 0.32734375 0.0140625 0.0578125
2 0.5171875 0.35 0.01484375 0.04765625
0 0.52421875 0.3109375 0.0109375 0.01328125