2 0.91015625 0.24140625 0.01953125 0.0546875
2 0.4953125 0.14609375 0.01171875 0.053125
3 0.4453125 0.53046875 0.0171875 0.06875
2 0.5078125 0.75703125 0.02109375 0.08671875
3 0.2609375 0.21015625 0.0171875 0.05390625
2 0.76171875 0.26875 0.0140625 0.0578125
3 0.1640625 0.6109375 0.01484375 0.0765625
2 0.796875 0.50234375 0.01484375 0.07109375
3 0.10078125 0.2578125 0.01484375 0.05859375
1 0.4234375 0.50546875 0.01953125 0.07265625
2 0.7796875 0.10390625 0.0125 0.0515625
2 0.540625 0.38203125 0.021875 0.06328125
3 0.29609375 0.44140625 0.01484375 0.06875
3 0.31015625 0.3796875 0.0125 0.059375
3 0.0453125 0.35078125 0.0125 0.06953125
3 0.38828125 0.39765625 0.01796875 0.05859375
3 0.025 0.42734375 0.021875 0.065625
0 0.525 0.3953125 0.00625 0.01015625
2 0.3734375 0.371875 0.0125 0.06015625