2 0.48046875 0.78125 0.0265625 0.0828125
2 0.528125 0.38203125 0.0171875 0.059375
2 0.48046875 0.32890625 0.0171875 0.05390625
2 0.10390625 0.2390625 0.02109375 0.05703125
3 0.5703125 0.625 0.01484375 0.06875
2 0.20625 0.11875 0.02109375 0.04765625
2 0.2515625 0.275 0.0140625 0.05390625
3 0.4515625 0.42578125 0.01640625 0.0625
3 0.75625 0.37421875 0.0171875 0.0625
3 0.78984375 0.5125 0.01875 0.06640625
3 0.70625 0.2234375 0.01484375 0.0546875
2 0.45234375 0.24765625 0.01796875 0.05546875
3 0.425 0.290625 0.021875 0.05625
3 0.5109375 0.25703125 0.0171875 0.04765625
3 0.56796875 0.3734375 0.01875 0.05859375
1 0.5921875 0.4234375 0.01640625 0.06171875
3 0.75 0.30234375 0.01484375 0.0671875
0 0.47109375 0.30546875 0.00625 0.00859375
2 0.4921875 0.21328125 0.01796875 0.04453125
2 0.2125 0.48828125 0.015625 0.08125