2 0.8828125 0.21875 0.02265625 0.05625
2 0.52734375 0.23984375 0.01640625 0.0484375
3 0.4875 0.60234375 0.01953125 0.0734375
2 0.51328125 0.7734375 0.02578125 0.0828125
3 0.60703125 0.384375 0.01953125 0.05859375
2 0.4671875 0.35078125 0.01796875 0.05859375
2 0.54609375 0.340625 0.01953125 0.0609375
2 0.78125 0.1015625 0.01796875 0.04921875
2 0.76875 0.46953125 0.0203125 0.06953125
2 0.73359375 0.25234375 0.015625 0.0515625
3 0.31484375 0.21796875 0.01484375 0.046875
3 0.5328125 0.17890625 0.015625 0.046875
3 0.51484375 0.3046875 0.0171875 0.053125
1 0.43046875 0.4078125 0.0171875 0.0625
0 0.54609375 0.365625 0.0046875 0.01015625
3 0.48984375 0.29296875 0.01328125 0.05234375
3 0.43203125 0.3515625 0.015625 0.06015625
3 0.29375 0.29921875 0.01640625 0.06796875
3 0.284375 0.37265625 0.01640625 0.06015625
3 0.2625 0.4921875 0.0140625 0.07109375