2 0.44609375 0.79375 0.0234375 0.08203125
3 0.80625 0.390625 0.01953125 0.06484375
3 0.62734375 0.63125 0.025 0.07265625
3 0.4109375 0.32578125 0.01796875 0.05859375
3 0.41875 0.4890625 0.01953125 0.06484375
3 0.790625 0.31484375 0.015625 0.059375
2 0.171875 0.5140625 0.01796875 0.07265625
3 0.54453125 0.29296875 0.0140625 0.05
2 0.50234375 0.41171875 0.02109375 0.06640625
3 0.6046875 0.2078125 0.0171875 0.04765625
2 0.1828125 0.128125 0.0125 0.05546875
3 0.5625 0.37734375 0.01953125 0.0609375
2 0.225 0.29765625 0.02109375 0.05859375
3 0.83828125 0.52421875 0.01796875 0.06875
2 0.53125 0.36171875 0.01796875 0.0578125
2 0.0765625 0.253125 0.02421875 0.05625
1 0.59296875 0.46171875 0.01875 0.06796875
2 0.4578125 0.20703125 0.015625 0.04375
3 0.7328125 0.24921875 0.01796875 0.05625
0 0.4625 0.2234375 0.00546875 0.009375