2 0.90625 0.2421875 0.025 0.05234375
2 0.79921875 0.5015625 0.028125 0.065625
2 0.4953125 0.74296875 0.02109375 0.08515625
2 0.7578125 0.26953125 0.02109375 0.059375
2 0.4890625 0.14921875 0.01484375 0.05078125
2 0.77265625 0.103125 0.01484375 0.04609375
3 0.14921875 0.6125 0.01796875 0.075
2 0.5421875 0.3921875 0.0203125 0.06328125
3 0.278125 0.44375 0.02265625 0.0640625
3 0.09140625 0.2578125 0.015625 0.0578125
3 0.30546875 0.37890625 0.01640625 0.05546875
3 0.2484375 0.2109375 0.0140625 0.05390625
3 0.425 0.521875 0.02109375 0.06953125
2 0.37890625 0.36640625 0.0140625 0.059375
3 0.03359375 0.35078125 0.015625 0.06953125
3 0.00546875 0.4265625 0.0109375 0.06875
1 0.41328125 0.50390625 0.01484375 0.07421875
3 0.37265625 0.40546875 0.0234375 0.046875
0 0.52734375 0.40703125 0.00625 0.0109375