3 0.4453125 0.390625 0.015625 0.05703125
2 0.0640625 0.24609375 0.01640625 0.05625
3 0.4734375 0.1671875 0.01328125 0.0453125
2 0.1890625 0.27734375 0.01796875 0.05390625
3 0.44921875 0.72109375 0.0203125 0.0875
3 0.79765625 0.6078125 0.01796875 0.071875
1 0.553125 0.48203125 0.025 0.065625
2 0.1734375 0.10703125 0.0140625 0.04765625
3 0.525 0.5109375 0.01640625 0.06015625
3 0.9140625 0.34453125 0.015625 0.06796875
3 0.653125 0.33359375 0.01953125 0.0546875
3 0.61796875 0.3921875 0.0171875 0.053125
3 0.515625 0.38203125 0.02265625 0.05546875
3 0.86328125 0.2578125 0.0140625 0.0578125
3 0.5734375 0.37734375 0.01953125 0.04453125
3 0.9609375 0.553125 0.01640625 0.065625
3 0.69921875 0.22109375 0.01328125 0.05390625
3 0.9421875 0.42578125 0.0171875 0.06796875
2 0.14140625 0.49921875 0.015625 0.0703125