2 0.93515625 0.25390625 0.025 0.0546875
3 0.57421875 0.3265625 0.01640625 0.06015625
2 0.784375 0.29765625 0.0203125 0.0578125
2 0.4796875 0.359375 0.0171875 0.06015625
2 0.50546875 0.42109375 0.01640625 0.059375
1 0.4171875 0.47578125 0.01796875 0.06484375
3 0.58046875 0.5078125 0.01640625 0.06171875
3 0.35 0.63359375 0.02265625 0.0734375
3 0.3890625 0.203125 0.015625 0.0484375
2 0.840625 0.5171875 0.01875 0.07109375
3 0.14609375 0.53203125 0.01796875 0.06953125
3 0.19921875 0.3171875 0.0203125 0.06640625
3 0.4484375 0.30625 0.01484375 0.05234375
2 0.56875 0.79375 0.0203125 0.08359375
3 0.1796875 0.39140625 0.015625 0.0609375
3 0.4515625 0.39609375 0.015625 0.05859375
3 0.25390625 0.2515625 0.01640625 0.05703125
2 0.82734375 0.128125 0.01640625 0.04375
2 0.53828125 0.203125 0.01328125 0.0515625
0 0.53359375 0.22109375 0.00703125 0.0109375