2 0.95078125 0.25234375 0.02421875 0.0578125
1 0.45625 0.49921875 0.025 0.06953125
3 0.44609375 0.40703125 0.01875 0.06875
2 0.57578125 0.759375 0.02109375 0.08359375
2 0.8578125 0.515625 0.0171875 0.0671875
2 0.80625 0.2828125 0.0140625 0.05390625
3 0.546875 0.5265625 0.01796875 0.06484375
3 0.09609375 0.5390625 0.01796875 0.0671875
2 0.846875 0.11640625 0.01875 0.0453125
3 0.27890625 0.621875 0.015625 0.07265625
3 0.41953125 0.33671875 0.01796875 0.06015625
2 0.5359375 0.1875 0.015625 0.04765625
3 0.14375 0.33828125 0.015625 0.0671875
3 0.5171875 0.359375 0.0125 0.0640625
2 0.5109375 0.43671875 0.0234375 0.06796875
3 0.128125 0.4125 0.01796875 0.06484375
3 0.365625 0.209375 0.015625 0.05
3 0.19375 0.25390625 0.015625 0.0546875
0 0.521875 0.26015625 0.01015625 0.01015625
2 0.51484375 0.3390625 0.015625 0.05546875