2 0.7828125 0.4734375 0.01875 0.06875
2 0.89453125 0.21875 0.01875 0.05859375
3 0.61328125 0.39140625 0.01875 0.0625
2 0.52734375 0.77109375 0.02265625 0.078125
2 0.74375 0.25390625 0.02265625 0.05546875
2 0.79375 0.10703125 0.0140625 0.046875
2 0.48984375 0.35625 0.01953125 0.05859375
3 0.31015625 0.2171875 0.01484375 0.05234375
2 0.53984375 0.24296875 0.01796875 0.05
3 0.4828125 0.603125 0.0171875 0.0765625
3 0.453125 0.365625 0.01953125 0.05859375
3 0.2578125 0.4953125 0.01796875 0.06875
1 0.43515625 0.41015625 0.01796875 0.0625
3 0.53125 0.1828125 0.0140625 0.05
2 0.54140625 0.325 0.02109375 0.06171875
0 0.54296875 0.3546875 0.0046875 0.0109375
3 0.53046875 0.29453125 0.01484375 0.0546875
3 0.49375 0.2765625 0.01796875 0.0515625
3 0.290625 0.30078125 0.0125 0.06640625
3 0.28203125 0.3640625 0.0140625 0.0609375