3 0.559375 0.4125 0.0171875 0.0578125
2 0.8953125 0.22578125 0.01796875 0.05546875
3 0.4515625 0.6140625 0.0171875 0.07421875
2 0.7484375 0.26484375 0.01640625 0.0515625
2 0.79765625 0.1125 0.0203125 0.04453125
2 0.78359375 0.48203125 0.01875 0.0640625
2 0.5265625 0.7703125 0.0203125 0.08203125
1 0.41796875 0.41171875 0.01796875 0.06484375
2 0.48984375 0.37890625 0.01640625 0.05078125
3 0.49921875 0.2625 0.015625 0.053125
2 0.53359375 0.32578125 0.01875 0.04765625
3 0.5203125 0.19609375 0.01875 0.04609375
2 0.5546875 0.253125 0.01796875 0.05703125
3 0.2859375 0.22109375 0.0140625 0.05546875
3 0.56015625 0.28828125 0.02109375 0.05
0 0.528125 0.34375 0.00546875 0.01171875
3 0.4421875 0.3734375 0.0171875 0.0703125
3 0.2609375 0.36484375 0.01171875 0.065625
3 0.26796875 0.2984375 0.01171875 0.065625