2 0.490625 0.1640625 0.0140625 0.05
2 0.49375 0.71640625 0.01953125 0.08125
2 0.9 0.2421875 0.01640625 0.0578125
3 0.3640625 0.34921875 0.015625 0.053125
2 0.546875 0.3890625 0.02265625 0.0640625
3 0.3109375 0.40234375 0.0203125 0.06953125
2 0.7921875 0.1015625 0.015625 0.0484375
3 0.39921875 0.5078125 0.02265625 0.06484375
3 0.03359375 0.34296875 0.015625 0.06953125
2 0.78359375 0.278125 0.01484375 0.05234375
3 0.08515625 0.25390625 0.015625 0.05859375
2 0.82734375 0.49296875 0.01640625 0.06796875
3 0.2484375 0.221875 0.01484375 0.05078125
3 0.134375 0.60703125 0.015625 0.07265625
3 0.28046875 0.3328125 0.015625 0.05546875
3 0.4125 0.375 0.01875 0.0625
0 0.4921875 0.40546875 0.00859375 0.015625
1 0.409375 0.48125 0.0265625 0.06953125
3 0.00546875 0.428125 0.01015625 0.06328125