3 0.2953125 0.61953125 0.01953125 0.07578125
2 0.59453125 0.80625 0.0265625 0.08125
2 0.93359375 0.24453125 0.01953125 0.05546875
3 0.5703125 0.54375 0.01796875 0.06328125
1 0.4734375 0.5109375 0.01796875 0.0734375
2 0.5421875 0.13828125 0.0140625 0.0484375
3 0.465625 0.33359375 0.01640625 0.06171875
2 0.83046875 0.50703125 0.015625 0.0734375
2 0.82890625 0.11328125 0.01484375 0.0484375
2 0.78671875 0.27109375 0.0140625 0.05625
3 0.3640625 0.20078125 0.01484375 0.05234375
3 0.11171875 0.525 0.01640625 0.06875
2 0.515625 0.325 0.0171875 0.05546875
3 0.1984375 0.25390625 0.01796875 0.053125
3 0.1359375 0.40546875 0.01640625 0.0671875
3 0.153125 0.33203125 0.01484375 0.0625
2 0.38203125 0.37421875 0.02109375 0.0546875
3 0.3578125 0.36484375 0.021875 0.0578125
0 0.5078125 0.340625 0.00625 0.0078125
3 0.37109375 0.43125 0.01484375 0.06484375