3 0.775 0.2140625 0.0171875 0.06015625
3 0.70703125 0.3859375 0.0203125 0.06171875
3 0.74453125 0.44296875 0.01640625 0.07734375
3 0.6328125 0.37421875 0.01875 0.0640625
3 0.6078125 0.4984375 0.01484375 0.0734375
1 0.60078125 0.50234375 0.01640625 0.078125
3 0.86640625 0.60546875 0.01875 0.08828125
3 0.9234375 0.25703125 0.01796875 0.06484375
3 0.97734375 0.35 0.01953125 0.07734375
2 0.6109375 0.37421875 0.01484375 0.0671875
2 0.44921875 0.39375 0.0234375 0.0625
0 0.44921875 0.41328125 0.009375 0.0203125
2 0.51796875 0.153125 0.01484375 0.0515625
2 0.51953125 0.725 0.0234375 0.08046875
2 0.19609375 0.4984375 0.021875 0.0734375
2 0.23203125 0.2703125 0.0171875 0.06015625
2 0.096875 0.2375 0.015625 0.0640625
2 0.23359375 0.10078125 0.0125 0.05390625