3 0.3953125 0.49609375 0.01875 0.0609375
3 0.1453125 0.59140625 0.021875 0.06953125
2 0.84609375 0.48671875 0.02109375 0.0703125
2 0.90078125 0.24375 0.01796875 0.05390625
2 0.49609375 0.69140625 0.02109375 0.0796875
3 0.2921875 0.4140625 0.01875 0.06796875
2 0.428125 0.38203125 0.01953125 0.05859375
2 0.49296875 0.17890625 0.01484375 0.046875
3 0.4015625 0.31484375 0.02265625 0.05859375
3 0.1 0.2546875 0.01796875 0.0546875
3 0.01015625 0.4234375 0.01640625 0.0640625
3 0.04765625 0.34609375 0.01953125 0.06640625
2 0.790625 0.10390625 0.0140625 0.04296875
3 0.28125 0.3296875 0.01484375 0.05859375
2 0.5953125 0.39140625 0.0203125 0.06953125
3 0.25625 0.23125 0.01484375 0.04921875
1 0.4375 0.4875 0.01875 0.0609375
2 0.803125 0.284375 0.01328125 0.05546875
0 0.47109375 0.4140625 0.0078125 0.0140625