3 0.76875 0.21484375 0.01953125 0.06015625
3 0.7015625 0.37890625 0.0171875 0.065625
3 0.734375 0.44453125 0.02890625 0.078125
3 0.63203125 0.39140625 0.01953125 0.059375
3 0.59453125 0.5125 0.01640625 0.065625
1 0.59765625 0.50390625 0.01640625 0.07421875
3 0.86328125 0.6109375 0.01875 0.08828125
3 0.9171875 0.2578125 0.01796875 0.06484375
3 0.97734375 0.35 0.01953125 0.07734375
2 0.615625 0.37265625 0.01484375 0.0671875
2 0.45546875 0.3953125 0.0234375 0.0625
0 0.4625 0.4109375 0.01328125 0.0171875
2 0.51796875 0.153125 0.01484375 0.0515625
2 0.51640625 0.7359375 0.01796875 0.0828125
2 0.20234375 0.4984375 0.0296875 0.071875
2 0.23828125 0.26875 0.0171875 0.06015625
2 0.096875 0.2390625 0.015625 0.06171875
2 0.2328125 0.1015625 0.01328125 0.05625