2 0.46953125 0.3640625 0.0203125 0.0609375
2 0.0890625 0.24453125 0.0234375 0.0515625
2 0.2 0.50625 0.01484375 0.07265625
2 0.49296875 0.140625 0.01171875 0.05078125
3 0.9453125 0.42421875 0.01484375 0.0671875
3 0.515625 0.534375 0.01953125 0.06484375
2 0.20703125 0.10703125 0.0109375 0.0515625
2 0.4703125 0.77265625 0.0171875 0.08203125
2 0.2375 0.26953125 0.0140625 0.05546875
3 0.87734375 0.25625 0.01328125 0.06015625
1 0.5625 0.5078125 0.025 0.06875
3 0.809375 0.61328125 0.01328125 0.07578125
3 0.59453125 0.38203125 0.0140625 0.05625
3 0.7109375 0.2078125 0.01484375 0.05546875
3 0.92734375 0.3484375 0.0140625 0.0671875
2 0.63984375 0.37578125 0.01796875 0.0640625
3 0.98046875 0.5515625 0.01796875 0.06875
3 0.68046875 0.4390625 0.01328125 0.065625
0 0.4734375 0.38046875 0.00625 0.00859375
3 0.68671875 0.3828125 0.0125 0.05390625