2 0.14765625 0.10859375 0.01875 0.0421875
1 0.53359375 0.4890625 0.02109375 0.06796875
2 0.4625 0.18671875 0.015625 0.05234375
2 0.18359375 0.2765625 0.01875 0.05546875
3 0.46171875 0.5234375 0.015625 0.0609375
3 0.64140625 0.21796875 0.0125 0.046875
3 0.821875 0.25625 0.015625 0.05234375
2 0.1328125 0.50234375 0.0171875 0.065625
2 0.47109375 0.41875 0.01796875 0.05703125
3 0.74296875 0.61640625 0.025 0.0703125
3 0.55546875 0.39921875 0.0171875 0.06171875
3 0.88359375 0.4203125 0.01875 0.06328125
2 0.425 0.72890625 0.01953125 0.08359375
3 0.91171875 0.5515625 0.01953125 0.071875
2 0.040625 0.25078125 0.015625 0.0546875
3 0.5078125 0.36640625 0.01796875 0.05390625
3 0.8671875 0.3453125 0.015625 0.0609375
3 0.5984375 0.328125 0.01640625 0.05703125
2 0.4828125 0.35234375 0.015625 0.046875
0 0.4765625 0.32578125 0.0078125 0.01015625