3 0.36640625 0.29375 0.01640625 0.05
2 0.96015625 0.8953125 0.02265625 0.08203125
2 0.43671875 0.1796875 0.01640625 0.05234375
3 0.33203125 0.49453125 0.01875 0.05546875
1 0.39765625 0.48515625 0.01875 0.06640625
2 0.84921875 0.23984375 0.02265625 0.05859375
2 0.7375 0.0984375 0.021875 0.04453125
3 0.075 0.58984375 0.01640625 0.071875
3 0.19921875 0.23515625 0.01640625 0.05546875
2 0.7546875 0.2859375 0.0140625 0.05859375
2 0.54296875 0.3828125 0.0234375 0.059375
3 0.2140625 0.32578125 0.01640625 0.0609375
3 0.03984375 0.25 0.0171875 0.05859375
2 0.41171875 0.6828125 0.021875 0.0765625
2 0.78671875 0.48125 0.01875 0.06875
2 0.38046875 0.37890625 0.01484375 0.0578125
0 0.4671875 0.40859375 0.00859375 0.01328125
3 0.20234375 0.4203125 0.01796875 0.0671875