4 0.05859375 0.2453125 0.01484375 0.0546875
2 0.44296875 0.71875 0.0203125 0.08125
2 0.1375 0.5 0.0203125 0.06875
2 0.1875 0.2765625 0.0171875 0.053125
2 0.46875 0.16796875 0.0140625 0.046875
1 0.546875 0.48125 0.02109375 0.0609375
2 0.16796875 0.10859375 0.01328125 0.0453125
3 0.79140625 0.6046875 0.01953125 0.07421875
3 0.95390625 0.55390625 0.01796875 0.06640625
3 0.60390625 0.39296875 0.01875 0.05703125
2 0.50390625 0.38359375 0.01875 0.0546875
2 0.44609375 0.39375 0.0171875 0.05546875
3 0.8578125 0.25625 0.01484375 0.05546875
3 0.93125 0.425 0.0171875 0.0703125
3 0.90625 0.34765625 0.015625 0.065625
3 0.51875 0.51171875 0.0171875 0.06328125
3 0.5671875 0.37734375 0.01640625 0.05078125
3 0.69296875 0.21953125 0.01328125 0.05
3 0.64375 0.33203125 0.015625 0.05
0 0.496875 0.4015625 0.00703125 0.015625