2 0.09609375 0.24296875 0.01953125 0.05234375
3 0.60703125 0.50234375 0.01484375 0.05390625
2 0.50703125 0.16875 0.0140625 0.0484375
2 0.15625 0.490625 0.02109375 0.0703125
2 0.503125 0.7015625 0.0203125 0.07421875
3 0.61875 0.32890625 0.015625 0.05625
3 0.85625 0.59921875 0.01796875 0.07578125
1 0.57734375 0.4859375 0.02265625 0.06328125
2 0.2046875 0.28359375 0.01875 0.0578125
3 0.6984375 0.4078125 0.02265625 0.0671875
2 0.20703125 0.1015625 0.0171875 0.04765625
3 0.95625 0.34375 0.01640625 0.0703125
3 0.746875 0.228125 0.01484375 0.053125
3 0.71953125 0.33203125 0.01640625 0.05234375
2 0.5796875 0.378125 0.0171875 0.0609375
3 0.90546875 0.25234375 0.01328125 0.0546875
3 0.98984375 0.42421875 0.01796875 0.06640625
2 0.42265625 0.39375 0.01640625 0.0609375
0 0.4515625 0.4125 0.00625 0.01328125