2 0.0921875 0.24453125 0.0171875 0.05234375
3 0.6078125 0.32421875 0.01953125 0.053125
3 0.71015625 0.33046875 0.01796875 0.05703125
2 0.49921875 0.69453125 0.01796875 0.075
3 0.6015625 0.50078125 0.01796875 0.0578125
2 0.571875 0.378125 0.01796875 0.05859375
3 0.6953125 0.41171875 0.0171875 0.06640625
3 0.8984375 0.25390625 0.01640625 0.05625
3 0.84765625 0.5953125 0.0171875 0.071875
2 0.15078125 0.4890625 0.02109375 0.0734375
3 0.9828125 0.425 0.01640625 0.0609375
3 0.94765625 0.3453125 0.0171875 0.07109375
2 0.50390625 0.171875 0.0140625 0.04921875
3 0.74140625 0.22890625 0.0140625 0.05234375
2 0.409375 0.39140625 0.02421875 0.05546875
1 0.565625 0.48828125 0.021875 0.065625
2 0.196875 0.28203125 0.01328125 0.05546875
2 0.203125 0.10390625 0.0125 0.04140625
0 0.4703125 0.41484375 0.00859375 0.01171875