3 0.43046875 0.3375 0.0171875 0.05390625
1 0.44453125 0.50078125 0.0203125 0.06328125
2 0.57265625 0.77734375 0.0234375 0.08125
2 0.94453125 0.25390625 0.0265625 0.05546875
2 0.5078125 0.43125 0.015625 0.05859375
3 0.3703125 0.2046875 0.01796875 0.0484375
3 0.4421875 0.41328125 0.01875 0.065625
2 0.85234375 0.515625 0.01953125 0.07109375
3 0.54921875 0.53125 0.01640625 0.0671875
2 0.79921875 0.2921875 0.01484375 0.0578125
3 0.53203125 0.34921875 0.01640625 0.05546875
2 0.840625 0.11953125 0.0140625 0.0453125
3 0.29609375 0.628125 0.01640625 0.07109375
3 0.15703125 0.32578125 0.01796875 0.06484375
3 0.1390625 0.40234375 0.0171875 0.06328125
2 0.4984375 0.35234375 0.0203125 0.0546875
3 0.20703125 0.2578125 0.0171875 0.05703125
3 0.10625 0.53515625 0.0171875 0.06640625
2 0.5328125 0.19375 0.0140625 0.04609375
0 0.521875 0.22265625 0.00859375 0.009375