1 0.54296875 0.5125 0.0265625 0.06484375
2 0.48125 0.34296875 0.021875 0.06015625
3 0.75390625 0.6203125 0.01796875 0.0703125
2 0.43515625 0.7984375 0.02109375 0.084375
3 0.46640625 0.5390625 0.01640625 0.06640625
3 0.93125 0.54296875 0.0171875 0.06875
2 0.08046875 0.24921875 0.0234375 0.05625
3 0.56171875 0.3578125 0.01953125 0.0625
2 0.22890625 0.27109375 0.01640625 0.05625
2 0.475 0.13671875 0.0125 0.0515625
2 0.1875 0.11328125 0.01875 0.046875
2 0.18984375 0.50625 0.0203125 0.07265625
3 0.884375 0.3453125 0.01328125 0.065625
3 0.8390625 0.25625 0.0125 0.0546875
3 0.67109375 0.20390625 0.0125 0.05390625
3 0.646875 0.43515625 0.0171875 0.06171875
2 0.62890625 0.37578125 0.01640625 0.0625
3 0.675 0.3765625 0.01484375 0.0640625
0 0.4953125 0.3546875 0.00546875 0.009375
3 0.9046875 0.41875 0.0140625 0.06796875