3 0.5703125 0.41015625 0.02421875 0.05859375
2 0.75 0.26015625 0.01796875 0.05546875
2 0.52890625 0.7703125 0.025 0.08125
1 0.421875 0.4078125 0.01875 0.06875
2 0.89453125 0.2234375 0.0171875 0.05625
2 0.79453125 0.11015625 0.01796875 0.04765625
3 0.496875 0.265625 0.01484375 0.04609375
3 0.521875 0.19296875 0.01640625 0.05234375
2 0.7796875 0.47421875 0.02109375 0.07109375
2 0.49609375 0.38046875 0.0203125 0.0609375
2 0.534375 0.32421875 0.02109375 0.04765625
3 0.45625 0.6125 0.01796875 0.071875
2 0.55390625 0.25703125 0.0203125 0.06171875
3 0.28671875 0.22109375 0.01328125 0.05546875
3 0.27265625 0.2984375 0.0125 0.06328125
3 0.265625 0.36328125 0.01484375 0.065625
3 0.2390625 0.50234375 0.0109375 0.06953125
3 0.44921875 0.37578125 0.01875 0.06953125
3 0.55390625 0.28984375 0.01796875 0.05390625
0 0.52890625 0.3453125 0.00546875 0.01015625