2 0.8546875 0.51484375 0.0265625 0.07265625
1 0.45703125 0.49609375 0.015625 0.06640625
2 0.95078125 0.253125 0.021875 0.05859375
2 0.57265625 0.76953125 0.02109375 0.08046875
3 0.5453125 0.52578125 0.015625 0.06328125
3 0.44453125 0.4078125 0.0171875 0.0671875
3 0.0984375 0.53671875 0.01875 0.06640625
3 0.425 0.334375 0.015625 0.05546875
2 0.80390625 0.28359375 0.01640625 0.0578125
3 0.128125 0.409375 0.0171875 0.06484375
2 0.5375 0.1890625 0.01484375 0.05078125
3 0.36640625 0.20859375 0.015625 0.0484375
2 0.84609375 0.1203125 0.021875 0.0453125
3 0.14765625 0.3359375 0.015625 0.0671875
2 0.51015625 0.43515625 0.02109375 0.065625
3 0.1953125 0.25546875 0.0171875 0.05703125
3 0.28359375 0.621875 0.01953125 0.0703125
3 0.52109375 0.3515625 0.0140625 0.06484375
2 0.51171875 0.33984375 0.0140625 0.06015625
0 0.52109375 0.2484375 0.0078125 0.01015625