4 0.94140625 0.2453125 0.01484375 0.0546875
2 0.55703125 0.71875 0.0203125 0.08125
2 0.8625 0.5 0.0203125 0.06875
2 0.8125 0.2765625 0.0171875 0.053125
2 0.53125 0.16796875 0.0140625 0.046875
1 0.453125 0.48125 0.02109375 0.0609375
2 0.83203125 0.10859375 0.01328125 0.0453125
3 0.20859375 0.6046875 0.01953125 0.07421875
3 0.04609375 0.55390625 0.01796875 0.06640625
3 0.39609375 0.39296875 0.01875 0.05703125
2 0.49609375 0.38359375 0.01875 0.0546875
2 0.55390625 0.39375 0.0171875 0.05546875
3 0.1421875 0.25625 0.01484375 0.05546875
3 0.06875 0.425 0.0171875 0.0703125
3 0.09375 0.34765625 0.015625 0.065625
3 0.48125 0.51171875 0.0171875 0.06328125
3 0.4328125 0.37734375 0.01640625 0.05078125
3 0.30703125 0.21953125 0.01328125 0.05
3 0.35625 0.33203125 0.015625 0.05
0 0.503125 0.4015625 0.00703125 0.015625