2 0.89453125 0.21875 0.01796875 0.05546875
3 0.596875 0.39375 0.015625 0.0578125
2 0.53046875 0.7703125 0.021875 0.078125
3 0.4765625 0.60703125 0.01875 0.07421875
2 0.79765625 0.10859375 0.02109375 0.046875
2 0.7484375 0.2578125 0.01640625 0.05390625
2 0.546875 0.24296875 0.01640625 0.0546875
3 0.45546875 0.3703125 0.0203125 0.06328125
3 0.528125 0.18515625 0.0125 0.05
3 0.25234375 0.4984375 0.01484375 0.0703125
2 0.49609375 0.3671875 0.0171875 0.0609375
2 0.78359375 0.4734375 0.01953125 0.0671875
3 0.4984375 0.2703125 0.01875 0.053125
1 0.43046875 0.40859375 0.01796875 0.0671875
3 0.3015625 0.22890625 0.0203125 0.04296875
2 0.53828125 0.32578125 0.01875 0.0546875
3 0.284375 0.3 0.01171875 0.06328125
3 0.27578125 0.36484375 0.01015625 0.06875
3 0.540625 0.29296875 0.01640625 0.06015625
0 0.53125 0.34765625 0.0078125 0.0140625