2 0.4765625 0.78125 0.02421875 0.078125
3 0.45234375 0.41875 0.01796875 0.06171875
2 0.25234375 0.27265625 0.01484375 0.05390625
2 0.21640625 0.49140625 0.02421875 0.07265625
2 0.528125 0.3796875 0.01875 0.06171875
2 0.10390625 0.23671875 0.021875 0.05625
2 0.47578125 0.3265625 0.01796875 0.0546875
3 0.5640625 0.61953125 0.01796875 0.071875
2 0.20703125 0.1171875 0.0171875 0.04921875
3 0.428125 0.28671875 0.01640625 0.05234375
3 0.48671875 0.2109375 0.021875 0.04453125
1 0.59140625 0.42109375 0.0171875 0.06484375
3 0.75234375 0.371875 0.015625 0.06328125
2 0.4515625 0.24765625 0.015625 0.0546875
3 0.5078125 0.25859375 0.0140625 0.05
3 0.56953125 0.36953125 0.01484375 0.05234375
3 0.78359375 0.51171875 0.015625 0.0671875
3 0.7078125 0.22265625 0.015625 0.05390625
3 0.746875 0.29765625 0.01171875 0.06953125