2 0.55390625 0.79375 0.0234375 0.08203125
3 0.19375 0.390625 0.01953125 0.06484375
3 0.37265625 0.63125 0.025 0.07265625
3 0.5890625 0.32578125 0.01796875 0.05859375
3 0.58125 0.4890625 0.01953125 0.06484375
3 0.209375 0.31484375 0.015625 0.059375
2 0.828125 0.5140625 0.01796875 0.07265625
3 0.45546875 0.29296875 0.0140625 0.05
2 0.49765625 0.41171875 0.02109375 0.06640625
3 0.3953125 0.2078125 0.0171875 0.04765625
2 0.8171875 0.128125 0.0125 0.05546875
3 0.4375 0.37734375 0.01953125 0.0609375
2 0.775 0.29765625 0.02109375 0.05859375
3 0.16171875 0.52421875 0.01796875 0.06875
2 0.46875 0.36171875 0.01796875 0.0578125
2 0.9234375 0.253125 0.02421875 0.05625
1 0.40703125 0.46171875 0.01875 0.06796875
2 0.5421875 0.20703125 0.015625 0.04375
3 0.2671875 0.24921875 0.01796875 0.05625
0 0.5375 0.2234375 0.00546875 0.009375