2 0.8140625 0.50859375 0.028125 0.06875
3 0.5421875 0.53984375 0.01875 0.06640625
2 0.5171875 0.334375 0.01796875 0.05703125
3 0.26015625 0.61953125 0.01640625 0.07109375
2 0.5296875 0.1375 0.01328125 0.04921875
1 0.46015625 0.5109375 0.0203125 0.06953125
2 0.57265625 0.80078125 0.015625 0.08203125
3 0.3578125 0.434375 0.0203125 0.0625
3 0.44453125 0.35 0.01875 0.0578125
2 0.81796875 0.1140625 0.0171875 0.0484375
2 0.92421875 0.2484375 0.0203125 0.0546875
3 0.0796875 0.540625 0.01484375 0.0734375
2 0.77421875 0.271875 0.01953125 0.0546875
3 0.3390625 0.20234375 0.01015625 0.053125
3 0.10546875 0.4140625 0.01328125 0.06640625
2 0.375 0.3703125 0.01484375 0.06328125
3 0.1265625 0.34453125 0.01328125 0.065625
0 0.50390625 0.3515625 0.00546875 0.009375
3 0.16875 0.25703125 0.015625 0.05234375
3 0.33203125 0.3703125 0.01328125 0.06171875