2 0.51953125 0.78125 0.0265625 0.0828125
2 0.471875 0.38203125 0.0171875 0.059375
2 0.51953125 0.32890625 0.0171875 0.05390625
2 0.89609375 0.2390625 0.02109375 0.05703125
3 0.4296875 0.625 0.01484375 0.06875
2 0.79375 0.11875 0.02109375 0.04765625
2 0.7484375 0.275 0.0140625 0.05390625
3 0.5484375 0.42578125 0.01640625 0.0625
3 0.24375 0.37421875 0.0171875 0.0625
3 0.21015625 0.5125 0.01875 0.06640625
3 0.29375 0.2234375 0.01484375 0.0546875
2 0.54765625 0.24765625 0.01796875 0.05546875
3 0.575 0.290625 0.021875 0.05625
3 0.4890625 0.25703125 0.0171875 0.04765625
3 0.43203125 0.3734375 0.01875 0.05859375
1 0.4078125 0.4234375 0.01640625 0.06171875
3 0.25 0.30234375 0.01484375 0.0671875
0 0.52890625 0.30546875 0.00625 0.00859375
2 0.5078125 0.21328125 0.01796875 0.04453125
2 0.7875 0.48828125 0.015625 0.08125