2 0.89921875 0.24375 0.015625 0.05703125
3 0.36484375 0.3421875 0.01796875 0.0578125
3 0.30625 0.40703125 0.0171875 0.06171875
2 0.4875 0.165625 0.01484375 0.04921875
2 0.4890625 0.7109375 0.0203125 0.08046875
2 0.7921875 0.103125 0.015625 0.0421875
3 0.27578125 0.33125 0.01640625 0.05546875
3 0.38671875 0.50703125 0.01796875 0.0578125
3 0.246875 0.2265625 0.015625 0.05390625
2 0.5515625 0.3890625 0.01875 0.05546875
3 0.03046875 0.34296875 0.015625 0.06953125
2 0.78359375 0.278125 0.0140625 0.053125
2 0.828125 0.49140625 0.01640625 0.06875
3 0.12890625 0.60703125 0.0140625 0.0734375
2 0.40546875 0.3765625 0.01640625 0.06484375
3 0.08203125 0.25234375 0.009375 0.05859375
1 0.4078125 0.48125 0.0203125 0.06640625
1 0.51640625 0.40859375 0.0078125 0.01015625