3 0.19296875 0.6078125 0.01953125 0.07265625
2 0.521875 0.16484375 0.01484375 0.0453125
2 0.55390625 0.3890625 0.01875 0.0546875
2 0.92890625 0.24609375 0.015625 0.0546875
2 0.85234375 0.4984375 0.021875 0.06875
3 0.36484375 0.3953125 0.01875 0.05859375
1 0.43828125 0.48046875 0.02109375 0.06328125
2 0.53984375 0.721875 0.01796875 0.07734375
3 0.415625 0.371875 0.0203125 0.04609375
2 0.82109375 0.1078125 0.01484375 0.0484375
3 0.08046875 0.34453125 0.01484375 0.065625
3 0.29140625 0.22109375 0.01171875 0.04921875
3 0.4578125 0.5109375 0.01875 0.06328125
2 0.46640625 0.3828125 0.01953125 0.05390625
3 0.125 0.25703125 0.01640625 0.05859375
2 0.80625 0.27890625 0.0140625 0.0515625
3 0.3328125 0.33046875 0.01484375 0.04921875
3 0.0453125 0.42734375 0.01640625 0.0671875
3 0.028125 0.54921875 0.01328125 0.065625
0 0.471875 0.4015625 0.00703125 0.01328125