2 0.165625 0.51875 0.0265625 0.06796875
2 0.43828125 0.79375 0.02421875 0.08203125
1 0.5859375 0.46640625 0.01640625 0.05859375
3 0.84453125 0.53125 0.01875 0.0671875
3 0.41875 0.325 0.0171875 0.05703125
3 0.6359375 0.63046875 0.01875 0.0703125
3 0.60546875 0.2078125 0.01640625 0.04609375
2 0.49609375 0.415625 0.0171875 0.0625
3 0.796875 0.315625 0.015625 0.06484375
2 0.06875 0.253125 0.01484375 0.0578125
2 0.41796875 0.5 0.01484375 0.0640625
3 0.73984375 0.25 0.015625 0.05859375
2 0.17421875 0.1265625 0.01796875 0.0546875
2 0.2171875 0.29765625 0.01328125 0.05703125
3 0.55234375 0.38828125 0.02265625 0.0640625
2 0.52578125 0.3609375 0.02421875 0.06015625
2 0.45859375 0.203125 0.01328125 0.05078125
3 0.54609375 0.30078125 0.01484375 0.0578125
3 0.81328125 0.390625 0.01484375 0.065625
0 0.46328125 0.22265625 0.0046875 0.009375