2 0.5234375 0.7859375 0.03203125 0.08359375
2 0.75390625 0.284375 0.015625 0.05390625
3 0.42265625 0.634375 0.02265625 0.071875
2 0.54140625 0.2390625 0.015625 0.0484375
3 0.1984375 0.51796875 0.01953125 0.06796875
2 0.7953125 0.5 0.01796875 0.07265625
2 0.90390625 0.24296875 0.01484375 0.05625
2 0.47578125 0.39140625 0.01953125 0.0609375
2 0.503125 0.33515625 0.015625 0.0578125
3 0.55703125 0.4375 0.015625 0.05859375
3 0.5953125 0.30234375 0.0171875 0.0578125
1 0.40390625 0.43203125 0.01640625 0.06015625
3 0.2984375 0.2375 0.015625 0.05625
3 0.43046875 0.36796875 0.015625 0.05859375
3 0.228125 0.3765625 0.015625 0.0609375
3 0.2390625 0.30625 0.01640625 0.0671875
2 0.8 0.1203125 0.0140625 0.04765625
0 0.53671875 0.25859375 0.00546875 0.01015625
3 0.46953125 0.2515625 0.015625 0.03828125
3 0.4671875 0.209375 0.01328125 0.04921875