2 0.8203125 0.51171875 0.025 0.071875
3 0.59296875 0.3265625 0.01640625 0.05625
2 0.546875 0.79453125 0.02109375 0.08515625
2 0.77421875 0.296875 0.02109375 0.05703125
3 0.37578125 0.63125 0.021875 0.06796875
3 0.58203125 0.48359375 0.0171875 0.06328125
2 0.81640625 0.125 0.01796875 0.05234375
3 0.19609375 0.38828125 0.01796875 0.06328125
3 0.39296875 0.2078125 0.015625 0.04765625
2 0.4953125 0.4109375 0.01796875 0.0671875
2 0.9234375 0.25234375 0.021875 0.0578125
3 0.165625 0.52578125 0.01953125 0.06484375
2 0.4703125 0.359375 0.01640625 0.05546875
3 0.2109375 0.31328125 0.01875 0.06484375
3 0.43515625 0.37421875 0.0203125 0.0640625
3 0.26953125 0.2484375 0.01875 0.05703125
2 0.54140625 0.2078125 0.015625 0.03984375
3 0.45625 0.2890625 0.01640625 0.053125
1 0.40703125 0.459375 0.01640625 0.0609375
0 0.5359375 0.2265625 0.00625 0.00859375