2 0.52890625 0.72109375 0.02109375 0.07734375
2 0.92109375 0.2453125 0.015625 0.05546875
2 0.84921875 0.4953125 0.02421875 0.06171875
2 0.5484375 0.3890625 0.0203125 0.05546875
2 0.51484375 0.1625 0.015625 0.046875
3 0.17578125 0.60703125 0.01796875 0.071875
3 0.06875 0.34453125 0.0140625 0.06640625
3 0.34765625 0.3953125 0.0203125 0.0609375
2 0.8 0.278125 0.01796875 0.0546875
2 0.44921875 0.3828125 0.01953125 0.06015625
2 0.8140625 0.10859375 0.0140625 0.05078125
3 0.27734375 0.2203125 0.01328125 0.04921875
3 0.39609375 0.3671875 0.0203125 0.04921875
3 0.1140625 0.25546875 0.01484375 0.05546875
1 0.43046875 0.4765625 0.01640625 0.0625
3 0.31875 0.33125 0.01484375 0.05234375
3 0.0140625 0.55 0.0171875 0.071875
3 0.4453125 0.509375 0.02734375 0.06015625
3 0.03125 0.42578125 0.01796875 0.065625
0 0.45 0.3984375 0.00703125 0.01171875