2 0.8546875 0.51875 0.021875 0.06875
2 0.80234375 0.29140625 0.0203125 0.0515625
1 0.45390625 0.496875 0.01484375 0.0640625
2 0.57578125 0.77109375 0.01875 0.0828125
3 0.4453125 0.409375 0.0171875 0.0671875
3 0.19765625 0.25546875 0.015625 0.0546875
2 0.509375 0.43359375 0.0171875 0.065625
2 0.84453125 0.1203125 0.01796875 0.04453125
3 0.3671875 0.2078125 0.01484375 0.04765625
3 0.15234375 0.3328125 0.01640625 0.0609375
3 0.4296875 0.3390625 0.01875 0.05625
3 0.13046875 0.40859375 0.0171875 0.06484375
2 0.50703125 0.3484375 0.0171875 0.05625
3 0.10234375 0.53515625 0.01796875 0.06796875
2 0.5375 0.1890625 0.0140625 0.05078125
3 0.54765625 0.528125 0.01484375 0.06484375
2 0.95 0.25234375 0.01640625 0.05859375
3 0.5265625 0.35390625 0.0140625 0.05546875
3 0.284375 0.62421875 0.0171875 0.071875