2 0.39453125 0.67734375 0.0203125 0.07734375
1 0.39765625 0.4828125 0.021875 0.06796875
3 0.3265625 0.50546875 0.01875 0.0703125
2 0.93828125 0.9 0.028125 0.09375
2 0.425 0.18125 0.015625 0.05234375
3 0.35625 0.27890625 0.01640625 0.053125
3 0.0609375 0.58828125 0.01796875 0.075
3 0.17421875 0.421875 0.0234375 0.07109375
2 0.74296875 0.29296875 0.0140625 0.0515625
2 0.83828125 0.23828125 0.01796875 0.059375
2 0.53671875 0.38046875 0.021875 0.0640625
2 0.36875 0.378125 0.01484375 0.06328125
2 0.76953125 0.48125 0.01875 0.06953125
3 0.0265625 0.25 0.0140625 0.05703125
3 0.1890625 0.23359375 0.0140625 0.05625
2 0.7296875 0.096875 0.015625 0.04453125
3 0.1984375 0.32890625 0.01953125 0.0609375
0 0.52890625 0.40625 0.009375 0.0140625