2 0.90390625 0.24296875 0.01953125 0.05234375
3 0.39296875 0.50234375 0.01484375 0.05390625
2 0.49296875 0.16875 0.0140625 0.0484375
2 0.84375 0.490625 0.02109375 0.0703125
2 0.496875 0.7015625 0.0203125 0.07421875
3 0.38125 0.32890625 0.015625 0.05625
3 0.14375 0.59921875 0.01796875 0.07578125
1 0.42265625 0.4859375 0.02265625 0.06328125
2 0.7953125 0.28359375 0.01875 0.0578125
3 0.3015625 0.4078125 0.02265625 0.0671875
2 0.79296875 0.1015625 0.0171875 0.04765625
3 0.04375 0.34375 0.01640625 0.0703125
3 0.253125 0.228125 0.01484375 0.053125
3 0.28046875 0.33203125 0.01640625 0.05234375
2 0.4203125 0.378125 0.0171875 0.0609375
3 0.09453125 0.25234375 0.01328125 0.0546875
3 0.01015625 0.42421875 0.01796875 0.06640625
2 0.57734375 0.39375 0.01640625 0.0609375
0 0.5484375 0.4125 0.00625 0.01328125