1 0.44140625 0.51171875 0.02890625 0.06796875
2 0.80546875 0.5078125 0.0234375 0.07109375
3 0.21875 0.6171875 0.0203125 0.071875
2 0.7671875 0.27109375 0.01796875 0.05703125
2 0.5171875 0.140625 0.0140625 0.05234375
2 0.546875 0.790625 0.0203125 0.0875
3 0.34140625 0.4359375 0.01796875 0.0671875
3 0.41953125 0.3703125 0.0203125 0.06328125
3 0.09375 0.3484375 0.01796875 0.06640625
3 0.3125 0.20625 0.015625 0.0546875
3 0.07578125 0.41953125 0.0140625 0.0625
2 0.525 0.35078125 0.021875 0.059375
2 0.36171875 0.37578125 0.01640625 0.0625
3 0.5125 0.5359375 0.01640625 0.06640625
2 0.803125 0.10859375 0.0140625 0.04921875
2 0.91328125 0.246875 0.01171875 0.0546875
3 0.046875 0.54609375 0.01328125 0.06640625
3 0.1421875 0.2578125 0.0140625 0.05390625
3 0.31484375 0.378125 0.01328125 0.0609375
0 0.509375 0.36328125 0.00546875 0.01015625