2 0.04765625 0.253125 0.01953125 0.05703125
3 0.90078125 0.540625 0.01953125 0.06328125
2 0.46796875 0.18671875 0.0140625 0.04765625
3 0.55546875 0.40625 0.01953125 0.0703125
1 0.5421875 0.4984375 0.0234375 0.06875
2 0.1921875 0.28203125 0.0171875 0.05078125
2 0.4234375 0.75234375 0.01875 0.08046875
3 0.875 0.41171875 0.01953125 0.06171875
3 0.72421875 0.6203125 0.015625 0.06875
2 0.13984375 0.5109375 0.01796875 0.071875
3 0.453125 0.52734375 0.01484375 0.065625
3 0.85859375 0.3421875 0.01484375 0.06796875
3 0.5828125 0.33203125 0.015625 0.0546875
3 0.63671875 0.215625 0.01796875 0.0515625
3 0.48828125 0.36015625 0.0203125 0.05859375
2 0.48984375 0.4359375 0.02421875 0.0640625
2 0.15078125 0.11484375 0.0140625 0.04140625
3 0.8109375 0.253125 0.015625 0.0546875
2 0.48359375 0.33984375 0.02109375 0.05546875
0 0.4765625 0.27109375 0.00703125 0.01171875