2 0.48359375 0.78203125 0.02109375 0.08125
2 0.4859375 0.33125 0.0171875 0.06015625
3 0.45078125 0.42734375 0.01875 0.06171875
2 0.10234375 0.240625 0.015625 0.05546875
2 0.20625 0.12265625 0.02109375 0.04609375
3 0.79453125 0.5140625 0.01796875 0.06796875
3 0.7046875 0.2296875 0.01640625 0.05390625
2 0.2515625 0.27734375 0.01796875 0.05234375
3 0.4171875 0.29296875 0.021875 0.05625
2 0.4546875 0.24765625 0.01640625 0.05078125
2 0.52890625 0.38671875 0.01953125 0.065625
3 0.5734375 0.62578125 0.01953125 0.07109375
3 0.7609375 0.37421875 0.0171875 0.0640625
1 0.5921875 0.42265625 0.01875 0.0625
2 0.2140625 0.496875 0.02421875 0.07265625
3 0.5015625 0.2125 0.02109375 0.04765625
3 0.56796875 0.37265625 0.0203125 0.0625
3 0.75390625 0.303125 0.01171875 0.06953125
3 0.515625 0.25625 0.0125 0.05234375
0 0.46953125 0.29140625 0.0046875 0.01171875