2 0.47109375 0.72109375 0.02109375 0.07734375
2 0.07890625 0.2453125 0.015625 0.05546875
2 0.15078125 0.4953125 0.02421875 0.06171875
2 0.4515625 0.3890625 0.0203125 0.05546875
2 0.48515625 0.1625 0.015625 0.046875
3 0.82421875 0.60703125 0.01796875 0.071875
3 0.93125 0.34453125 0.0140625 0.06640625
3 0.65234375 0.3953125 0.0203125 0.0609375
2 0.2 0.278125 0.01796875 0.0546875
2 0.55078125 0.3828125 0.01953125 0.06015625
2 0.1859375 0.10859375 0.0140625 0.05078125
3 0.72265625 0.2203125 0.01328125 0.04921875
3 0.60390625 0.3671875 0.0203125 0.04921875
3 0.8859375 0.25546875 0.01484375 0.05546875
1 0.56953125 0.4765625 0.01640625 0.0625
3 0.68125 0.33125 0.01484375 0.05234375
3 0.9859375 0.55 0.0171875 0.071875
3 0.5546875 0.509375 0.02734375 0.06015625
3 0.96875 0.42578125 0.01796875 0.065625
0 0.55 0.3984375 0.00703125 0.01171875