2 0.5234375 0.78125 0.02421875 0.078125
3 0.54765625 0.41875 0.01796875 0.06171875
2 0.74765625 0.27265625 0.01484375 0.05390625
2 0.78359375 0.49140625 0.02421875 0.07265625
2 0.471875 0.3796875 0.01875 0.06171875
2 0.89609375 0.23671875 0.021875 0.05625
2 0.52421875 0.3265625 0.01796875 0.0546875
3 0.4359375 0.61953125 0.01796875 0.071875
2 0.79296875 0.1171875 0.0171875 0.04921875
3 0.571875 0.28671875 0.01640625 0.05234375
3 0.51328125 0.2109375 0.021875 0.04453125
1 0.40859375 0.42109375 0.0171875 0.06484375
3 0.24765625 0.371875 0.015625 0.06328125
2 0.5484375 0.24765625 0.015625 0.0546875
3 0.4921875 0.25859375 0.0140625 0.05
3 0.43046875 0.36953125 0.01484375 0.05234375
3 0.21640625 0.51171875 0.015625 0.0671875
3 0.2921875 0.22265625 0.015625 0.05390625
3 0.253125 0.29765625 0.01171875 0.06953125