2 0.88828125 0.24296875 0.0234375 0.05546875
2 0.48125 0.17890625 0.01484375 0.0484375
2 0.478125 0.6875 0.0203125 0.07734375
3 0.265625 0.3296875 0.01640625 0.0546875
3 0.13125 0.59140625 0.01953125 0.06796875
2 0.8359375 0.4859375 0.025 0.06875
3 0.39921875 0.3078125 0.0234375 0.04609375
3 0.0359375 0.3453125 0.02109375 0.0671875
2 0.42109375 0.38515625 0.01953125 0.06484375
3 0.37734375 0.49609375 0.02265625 0.0515625
2 0.79375 0.2890625 0.01484375 0.06171875
2 0.7765625 0.1046875 0.015625 0.04140625
3 0.08828125 0.25546875 0.01875 0.05703125
1 0.4296875 0.4875 0.01796875 0.065625
3 0.2453125 0.2359375 0.0171875 0.05546875
3 0.27578125 0.41640625 0.01953125 0.06796875
2 0.5828125 0.38828125 0.0140625 0.065625
0 0.428125 0.41015625 0.0078125 0.01171875