3 0.39609375 0.39140625 0.01640625 0.05625
2 0.4703125 0.7703125 0.021875 0.07734375
2 0.10546875 0.21875 0.021875 0.05859375
2 0.25234375 0.25703125 0.01796875 0.05234375
2 0.21640625 0.47421875 0.01953125 0.06484375
2 0.20703125 0.1078125 0.01875 0.04921875
3 0.51953125 0.60703125 0.01640625 0.07265625
2 0.45703125 0.24296875 0.01875 0.05078125
2 0.50625 0.359375 0.021875 0.0625
3 0.69375 0.2203125 0.0171875 0.046875
3 0.46953125 0.184375 0.01328125 0.05
3 0.54375 0.36953125 0.01640625 0.05625
3 0.74375 0.49609375 0.01796875 0.06796875
3 0.50546875 0.2734375 0.0140625 0.04609375
1 0.5671875 0.409375 0.01796875 0.06328125
3 0.7125 0.30078125 0.0109375 0.0640625
3 0.71953125 0.36640625 0.01484375 0.0640625
3 0.46484375 0.2921875 0.015625 0.053125
2 0.4609375 0.325 0.021875 0.05390625
0 0.4625 0.35078125 0.00625 0.0125