2 0.940625 0.2546875 0.01953125 0.05625
3 0.3171875 0.6328125 0.01875 0.06953125
2 0.571875 0.79296875 0.0234375 0.08203125
3 0.12265625 0.53671875 0.01875 0.06796875
3 0.4453125 0.41015625 0.0171875 0.0703125
2 0.79453125 0.296875 0.0140625 0.05546875
2 0.48828125 0.359375 0.021875 0.06484375
3 0.43828125 0.32734375 0.015625 0.0546875
2 0.50546875 0.42734375 0.01796875 0.0625
2 0.84765625 0.51875 0.0171875 0.07578125
3 0.5484375 0.3421875 0.01640625 0.0640625
3 0.1765625 0.32109375 0.01875 0.06640625
3 0.565625 0.52578125 0.0171875 0.06796875
3 0.15546875 0.3953125 0.01484375 0.06328125
1 0.428125 0.49140625 0.01328125 0.05703125
2 0.83359375 0.128125 0.0140625 0.04453125
3 0.3796875 0.20859375 0.01484375 0.0484375
2 0.52734375 0.20234375 0.01484375 0.0453125
3 0.22734375 0.253125 0.01484375 0.05234375
0 0.525 0.2171875 0.0046875 0.00859375