3 0.396875 0.32734375 0.01640625 0.05859375
2 0.234375 0.29375 0.02109375 0.05625
2 0.084375 0.25 0.0234375 0.05703125
3 0.81953125 0.51875 0.0203125 0.065625
2 0.46015625 0.2125 0.01484375 0.04453125
2 0.46171875 0.79296875 0.0234375 0.0859375
3 0.42109375 0.4609375 0.01640625 0.0609375
3 0.77890625 0.30859375 0.0171875 0.065625
3 0.7921875 0.38203125 0.01953125 0.065625
3 0.575 0.3625 0.01796875 0.0640625
3 0.60234375 0.6328125 0.02265625 0.07578125
3 0.71953125 0.2453125 0.0140625 0.0546875
2 0.18671875 0.51015625 0.01640625 0.0703125
3 0.53046875 0.271875 0.0171875 0.05390625
3 0.59921875 0.21015625 0.015625 0.05546875
2 0.51875 0.35234375 0.01796875 0.059375
2 0.18828125 0.12890625 0.01484375 0.04453125
2 0.51171875 0.40859375 0.0140625 0.0609375
1 0.596875 0.45234375 0.01796875 0.0671875
0 0.46953125 0.23671875 0.00390625 0.00703125