3 0.23125 0.21484375 0.01953125 0.06015625
3 0.2984375 0.37890625 0.0171875 0.065625
3 0.265625 0.44453125 0.02890625 0.078125
3 0.36796875 0.39140625 0.01953125 0.059375
3 0.40546875 0.5125 0.01640625 0.065625
1 0.40234375 0.50390625 0.01640625 0.07421875
3 0.13671875 0.6109375 0.01875 0.08828125
3 0.0828125 0.2578125 0.01796875 0.06484375
3 0.02265625 0.35 0.01953125 0.07734375
2 0.384375 0.37265625 0.01484375 0.0671875
2 0.54453125 0.3953125 0.0234375 0.0625
0 0.5375 0.4109375 0.01328125 0.0171875
2 0.48203125 0.153125 0.01484375 0.0515625
2 0.48359375 0.7359375 0.01796875 0.0828125
2 0.79765625 0.4984375 0.0296875 0.071875
2 0.76171875 0.26875 0.0171875 0.06015625
2 0.903125 0.2390625 0.015625 0.06171875
2 0.7671875 0.1015625 0.01328125 0.05625