3 0.440625 0.4125 0.0171875 0.0578125
2 0.1046875 0.22578125 0.01796875 0.05546875
3 0.5484375 0.6140625 0.0171875 0.07421875
2 0.2515625 0.26484375 0.01640625 0.0515625
2 0.20234375 0.1125 0.0203125 0.04453125
2 0.21640625 0.48203125 0.01875 0.0640625
2 0.4734375 0.7703125 0.0203125 0.08203125
1 0.58203125 0.41171875 0.01796875 0.06484375
2 0.51015625 0.37890625 0.01640625 0.05078125
3 0.50078125 0.2625 0.015625 0.053125
2 0.46640625 0.32578125 0.01875 0.04765625
3 0.4796875 0.19609375 0.01875 0.04609375
2 0.4453125 0.253125 0.01796875 0.05703125
3 0.7140625 0.22109375 0.0140625 0.05546875
3 0.43984375 0.28828125 0.02109375 0.05
0 0.471875 0.34375 0.00546875 0.01171875
3 0.5578125 0.3734375 0.0171875 0.0703125
3 0.7390625 0.36484375 0.01171875 0.065625
3 0.73203125 0.2984375 0.01171875 0.065625