3 0.22265625 0.21328125 0.02265625 0.0609375
3 0.2921875 0.38203125 0.021875 0.06875
3 0.253125 0.440625 0.01640625 0.08125
3 0.3671875 0.37109375 0.0203125 0.06953125
3 0.3890625 0.4921875 0.01484375 0.0734375
1 0.39921875 0.50234375 0.01640625 0.078125
3 0.13359375 0.60546875 0.01875 0.08828125
3 0.075 0.25546875 0.0203125 0.06796875
3 0.0234375 0.34765625 0.0203125 0.08203125
2 0.39140625 0.3765625 0.01875 0.07109375
2 0.55625 0.3921875 0.01953125 0.06875
0 0.55078125 0.41328125 0.009375 0.0203125
2 0.48203125 0.153125 0.01484375 0.0515625
2 0.48046875 0.725 0.0234375 0.08046875
2 0.81015625 0.49765625 0.021875 0.0734375
2 0.7734375 0.27109375 0.0140625 0.059375
2 0.9046875 0.2375 0.015625 0.0640625
2 0.76640625 0.10078125 0.0125 0.05390625