3 0.19453125 0.51796875 0.01953125 0.0671875
3 0.5671875 0.4421875 0.0203125 0.0546875
2 0.80078125 0.50078125 0.021875 0.06796875
2 0.90703125 0.2453125 0.02421875 0.05859375
3 0.421875 0.63359375 0.01875 0.071875
2 0.75546875 0.2921875 0.015625 0.05234375
3 0.603125 0.31015625 0.01796875 0.0609375
2 0.4796875 0.39453125 0.0171875 0.059375
2 0.528125 0.7875 0.01875 0.08125
2 0.5390625 0.23203125 0.01953125 0.05234375
2 0.50078125 0.34140625 0.015625 0.06015625
3 0.428125 0.36953125 0.01484375 0.05859375
3 0.30234375 0.24140625 0.01640625 0.0546875
3 0.4671875 0.2578125 0.01484375 0.04453125
3 0.22890625 0.37890625 0.01640625 0.06484375
3 0.23203125 0.3078125 0.01484375 0.06015625
2 0.803125 0.1265625 0.0171875 0.0453125
3 0.4453125 0.20703125 0.0171875 0.05390625
1 0.40625 0.4359375 0.0140625 0.06328125
0 0.534375 0.25390625 0.00546875 0.0125