2 0.834375 0.51875 0.0265625 0.06796875
2 0.56171875 0.79375 0.02421875 0.08203125
1 0.4140625 0.46640625 0.01640625 0.05859375
3 0.15546875 0.53125 0.01875 0.0671875
3 0.58125 0.325 0.0171875 0.05703125
3 0.3640625 0.63046875 0.01875 0.0703125
3 0.39453125 0.2078125 0.01640625 0.04609375
2 0.50390625 0.415625 0.0171875 0.0625
3 0.203125 0.315625 0.015625 0.06484375
2 0.93125 0.253125 0.01484375 0.0578125
2 0.58203125 0.5 0.01484375 0.0640625
3 0.26015625 0.25 0.015625 0.05859375
2 0.82578125 0.1265625 0.01796875 0.0546875
2 0.7828125 0.29765625 0.01328125 0.05703125
3 0.44765625 0.38828125 0.02265625 0.0640625
2 0.47421875 0.3609375 0.02421875 0.06015625
2 0.54140625 0.203125 0.01328125 0.05078125
3 0.45390625 0.30078125 0.01484375 0.0578125
3 0.18671875 0.390625 0.01484375 0.065625
0 0.53671875 0.22265625 0.0046875 0.009375