2 0.7984375 0.50703125 0.02421875 0.07109375
2 0.52734375 0.359375 0.02265625 0.06171875
3 0.49296875 0.53515625 0.01640625 0.065625
2 0.534375 0.7765625 0.01875 0.0859375
2 0.9125 0.24609375 0.02265625 0.05234375
2 0.50859375 0.1421875 0.01328125 0.04921875
1 0.43828125 0.5078125 0.021875 0.071875
2 0.796875 0.1078125 0.01171875 0.04921875
3 0.32578125 0.4375 0.01484375 0.06640625
3 0.41015625 0.378125 0.01328125 0.0625
3 0.06171875 0.4234375 0.01328125 0.06796875
3 0.19765625 0.61328125 0.01484375 0.0734375
3 0.07890625 0.3484375 0.01640625 0.065625
3 0.296875 0.2046875 0.01171875 0.05625
3 0.0265625 0.5484375 0.0140625 0.06796875
2 0.7625 0.2703125 0.0109375 0.05859375
3 0.31171875 0.38046875 0.01328125 0.05859375
3 0.128125 0.25703125 0.0125 0.0578125
2 0.3578125 0.378125 0.015625 0.0609375
0 0.5203125 0.37578125 0.00546875 0.009375