2 0.2015625 0.50703125 0.02421875 0.07109375
2 0.47265625 0.359375 0.02265625 0.06171875
3 0.50703125 0.53515625 0.01640625 0.065625
2 0.465625 0.7765625 0.01875 0.0859375
2 0.0875 0.24609375 0.02265625 0.05234375
2 0.49140625 0.1421875 0.01328125 0.04921875
1 0.56171875 0.5078125 0.021875 0.071875
2 0.203125 0.1078125 0.01171875 0.04921875
3 0.67421875 0.4375 0.01484375 0.06640625
3 0.58984375 0.378125 0.01328125 0.0625
3 0.93828125 0.4234375 0.01328125 0.06796875
3 0.80234375 0.61328125 0.01484375 0.0734375
3 0.92109375 0.3484375 0.01640625 0.065625
3 0.703125 0.2046875 0.01171875 0.05625
3 0.9734375 0.5484375 0.0140625 0.06796875
2 0.2375 0.2703125 0.0109375 0.05859375
3 0.68828125 0.38046875 0.01328125 0.05859375
3 0.871875 0.25703125 0.0125 0.0578125
2 0.6421875 0.378125 0.015625 0.0609375
0 0.4796875 0.37578125 0.00546875 0.009375