2 0.1453125 0.51484375 0.0265625 0.07265625
1 0.54296875 0.49609375 0.015625 0.06640625
2 0.04921875 0.253125 0.021875 0.05859375
2 0.42734375 0.76953125 0.02109375 0.08046875
3 0.4546875 0.52578125 0.015625 0.06328125
3 0.55546875 0.4078125 0.0171875 0.0671875
3 0.9015625 0.53671875 0.01875 0.06640625
3 0.575 0.334375 0.015625 0.05546875
2 0.19609375 0.28359375 0.01640625 0.0578125
3 0.871875 0.409375 0.0171875 0.06484375
2 0.4625 0.1890625 0.01484375 0.05078125
3 0.63359375 0.20859375 0.015625 0.0484375
2 0.15390625 0.1203125 0.021875 0.0453125
3 0.85234375 0.3359375 0.015625 0.0671875
2 0.48984375 0.43515625 0.02109375 0.065625
3 0.8046875 0.25546875 0.0171875 0.05703125
3 0.71640625 0.621875 0.01953125 0.0703125
3 0.47890625 0.3515625 0.0140625 0.06484375
2 0.48828125 0.33984375 0.0140625 0.06015625
0 0.47890625 0.2484375 0.0078125 0.01015625