3 0.60703125 0.325 0.02265625 0.0546875
2 0.534375 0.7921875 0.028125 0.08359375
3 0.29375 0.24453125 0.015625 0.0546875
2 0.8109375 0.50703125 0.0265625 0.06875
2 0.9125 0.24765625 0.01953125 0.0578125
3 0.18671875 0.52265625 0.01953125 0.06640625
3 0.41015625 0.6375 0.02578125 0.0734375
2 0.53828125 0.221875 0.01796875 0.04921875
2 0.809375 0.12734375 0.02421875 0.04921875
3 0.21953125 0.38125 0.0203125 0.06171875
3 0.4171875 0.2109375 0.01796875 0.05546875
3 0.5734375 0.45390625 0.0171875 0.05859375
2 0.48984375 0.3453125 0.015625 0.05546875
2 0.76171875 0.2921875 0.0140625 0.05703125
1 0.40390625 0.4453125 0.01953125 0.0640625
3 0.2265625 0.30859375 0.01484375 0.0640625
2 0.4859375 0.39921875 0.02265625 0.0625
3 0.4171875 0.365625 0.01875 0.0578125
3 0.4765625 0.2625 0.01640625 0.0484375