1 0.45703125 0.5125 0.0265625 0.06484375
2 0.51875 0.34296875 0.021875 0.06015625
3 0.24609375 0.6203125 0.01796875 0.0703125
2 0.56484375 0.7984375 0.02109375 0.084375
3 0.53359375 0.5390625 0.01640625 0.06640625
3 0.06875 0.54296875 0.0171875 0.06875
2 0.91953125 0.24921875 0.0234375 0.05625
3 0.43828125 0.3578125 0.01953125 0.0625
2 0.77109375 0.27109375 0.01640625 0.05625
2 0.525 0.13671875 0.0125 0.0515625
2 0.8125 0.11328125 0.01875 0.046875
2 0.81015625 0.50625 0.0203125 0.07265625
3 0.115625 0.3453125 0.01328125 0.065625
3 0.1609375 0.25625 0.0125 0.0546875
3 0.32890625 0.20390625 0.0125 0.05390625
3 0.353125 0.43515625 0.0171875 0.06171875
2 0.37109375 0.37578125 0.01640625 0.0625
3 0.325 0.3765625 0.01484375 0.0640625
0 0.5046875 0.3546875 0.00546875 0.009375
3 0.0953125 0.41875 0.0140625 0.06796875