2 0.91015625 0.24609375 0.02109375 0.059375
2 0.7609375 0.29140625 0.021875 0.05859375
2 0.53671875 0.7765625 0.025 0.0796875
3 0.1890625 0.52421875 0.0171875 0.0640625
3 0.41953125 0.63359375 0.0203125 0.07265625
2 0.496875 0.34296875 0.01640625 0.059375
2 0.8046875 0.5015625 0.01640625 0.06484375
3 0.571875 0.4484375 0.0171875 0.06328125
2 0.53828125 0.22734375 0.01953125 0.05078125
2 0.48125 0.396875 0.01875 0.05703125
3 0.60234375 0.31484375 0.0171875 0.06171875
3 0.4234375 0.3703125 0.01796875 0.06171875
3 0.22578125 0.3796875 0.01796875 0.0640625
2 0.80703125 0.121875 0.0140625 0.04453125
3 0.4375 0.21015625 0.01484375 0.0546875
3 0.4703125 0.25625 0.0171875 0.0515625
3 0.23046875 0.3078125 0.015625 0.06015625
3 0.3 0.240625 0.015625 0.0578125
1 0.40703125 0.43984375 0.015625 0.0625
0 0.5328125 0.25 0.00546875 0.01171875