2 0.95234375 0.253125 0.01953125 0.05703125
3 0.09921875 0.540625 0.01953125 0.06328125
2 0.53203125 0.18671875 0.0140625 0.04765625
3 0.44453125 0.40625 0.01953125 0.0703125
1 0.4578125 0.4984375 0.0234375 0.06875
2 0.8078125 0.28203125 0.0171875 0.05078125
2 0.5765625 0.75234375 0.01875 0.08046875
3 0.125 0.41171875 0.01953125 0.06171875
3 0.27578125 0.6203125 0.015625 0.06875
2 0.86015625 0.5109375 0.01796875 0.071875
3 0.546875 0.52734375 0.01484375 0.065625
3 0.14140625 0.3421875 0.01484375 0.06796875
3 0.4171875 0.33203125 0.015625 0.0546875
3 0.36328125 0.215625 0.01796875 0.0515625
3 0.51171875 0.36015625 0.0203125 0.05859375
2 0.51015625 0.4359375 0.02421875 0.0640625
2 0.84921875 0.11484375 0.0140625 0.04140625
3 0.1890625 0.253125 0.015625 0.0546875
2 0.51640625 0.33984375 0.02109375 0.05546875
0 0.5234375 0.27109375 0.00703125 0.01171875