2 0.9625 0.246875 0.02421875 0.05546875
3 0.53046875 0.521875 0.0171875 0.06171875
2 0.53984375 0.18203125 0.0140625 0.04453125
2 0.57265625 0.71484375 0.02109375 0.07421875
2 0.8734375 0.5 0.02578125 0.06640625
1 0.46640625 0.48671875 0.025 0.06484375
3 0.4453125 0.3953125 0.01875 0.06171875
3 0.24921875 0.61171875 0.01875 0.06953125
2 0.5375 0.41015625 0.0171875 0.05859375
3 0.346875 0.21953125 0.021875 0.053125
2 0.853125 0.10859375 0.0140625 0.04609375
3 0.08125 0.55234375 0.01796875 0.0703125
3 0.484375 0.371875 0.0171875 0.053125
3 0.10859375 0.421875 0.0234375 0.06328125
3 0.3953125 0.3265625 0.0171875 0.0578125
2 0.8203125 0.27578125 0.01484375 0.05546875
3 0.1234375 0.34921875 0.01640625 0.065625
2 0.51953125 0.35703125 0.01640625 0.0453125
0 0.521875 0.3640625 0.0046875 0.00625
3 0.16953125 0.2546875 0.01171875 0.05546875