3 0.80859375 0.86328125 0.109375 0.075
3 0.78671875 0.25 0.153125 0.1125
3 0.734375 0.584375 0.109375 0.078125
3 0.5984375 0.26953125 0.1046875 0.1046875
3 0.7078125 0.33828125 0.109375 0.109375
3 0.753125 0.77421875 0.084375 0.0859375
3 0.88828125 0.240625 0.1078125 0.090625
3 0.70703125 0.51171875 0.0953125 0.0953125
3 0.89375 0.859375 0.0890625 0.0765625
3 0.9296875 0.728125 0.1015625 0.1
3 0.7265625 0.72265625 0.0984375 0.0671875
3 0.89296875 0.75859375 0.121875 0.0765625
3 0.71328125 0.82109375 0.0875 0.0875
3 0.7390625 0.86796875 0.0953125 0.0609375
3 0.6515625 0.51171875 0.0734375 0.071875
0 0.67578125 0.48046875 0.0328125 0.025
3 0.81640625 0.79375 0.084375 0.084375