3 0.1625 0.8796875 0.078125 0.1390625
2 0.1015625 0.76640625 0.0890625 0.0890625
3 0.578125 0.72421875 0.0953125 0.09375
3 0.0609375 0.72890625 0.06875 0.0828125
3 0.13359375 0.7 0.0796875 0.08125
3 0.2078125 0.6859375 0.0765625 0.0765625
3 0.4109375 0.7015625 0.05625 0.1109375
3 0.6421875 0.93203125 0.0890625 0.0875
3 0.6703125 0.62890625 0.046875 0.115625
3 0.3390625 0.70625 0.05625 0.1046875
3 0.61328125 0.81875 0.1078125 0.1078125
3 0.12890625 0.83359375 0.071875 0.071875
3 0.41953125 0.6453125 0.0421875 0.1015625
0 0.44921875 0.66953125 0.0125 0.0234375