3 0.91328125 0.796875 0.03671875 0.12265625
3 0.47890625 0.7234375 0.03828125 0.12421875
3 0.91640625 0.62421875 0.02578125 0.10390625
2 0.9671875 0.68515625 0.0328125 0.11171875
3 0.64453125 0.66953125 0.0296875 0.1
3 0.8375 0.61640625 0.03046875 0.10078125
3 0.9921875 0.6390625 0.015625 0.10703125
3 0.9421875 0.76171875 0.03046875 0.11484375
3 0.71015625 0.6640625 0.02890625 0.09765625
3 0.4703125 0.82265625 0.0390625 0.13046875
3 0.37421875 0.62734375 0.03359375 0.1484375
3 0.628125 0.61484375 0.025 0.078125
0 0.59765625 0.64453125 0.0125 0.03046875
3 0.9734375 0.57421875 0.0265625 0.07734375
3 0.99296875 0.5765625 0.01328125 0.07578125