3 0.96171875 0.7859375 0.03828125 0.12109375
3 0.5171875 0.9359375 0.046875 0.128125
3 0.4375 0.6140625 0.02890625 0.11796875
3 0.69140625 0.6515625 0.0296875 0.1
3 0.99375 0.73984375 0.0125 0.11328125
3 0.96953125 0.61640625 0.02734375 0.0984375
3 0.528125 0.69453125 0.03515625 0.11328125
3 0.67734375 0.5953125 0.03125 0.0890625
3 0.55078125 0.7890625 0.034375 0.13203125
3 0.87265625 0.6015625 0.03125 0.10234375
3 0.75390625 0.63984375 0.0296875 0.1078125
0 0.653125 0.62421875 0.01484375 0.02734375