3 0.91875 0.98203125 0.05234375 0.03515625
3 0.6828125 0.94765625 0.046875 0.1046875
3 0.91171875 0.73203125 0.03125 0.09296875
3 0.43359375 0.8171875 0.0375 0.09921875
3 0.371875 0.953125 0.05 0.09375
3 0.72109375 0.8359375 0.0359375 0.10859375
3 0.54921875 0.7 0.03359375 0.0890625
3 0.44921875 0.9296875 0.04296875 0.103125
3 0.9640625 0.78828125 0.034375 0.09921875
3 0.48359375 0.7234375 0.03828125 0.10546875
3 0.85859375 0.97109375 0.04375 0.05703125
3 0.475 0.8265625 0.04609375 0.10078125
2 0.7734375 0.85859375 0.03671875 0.1125
3 0.978125 0.61171875 0.021875 0.075