3 0.73046875 0.68203125 0.09375 0.0703125
3 0.84375 0.446875 0.1453125 0.109375
3 0.79296875 0.8796875 0.09375 0.0703125
3 0.5375 0.3796875 0.0734375 0.0609375
3 0.6703125 0.09765625 0.1421875 0.1109375
2 0.79140625 0.5921875 0.1203125 0.1
3 0.8140625 0.39921875 0.1328125 0.09375
3 0.571875 0.30390625 0.0859375 0.0859375
3 0.9265625 0.28046875 0.059375 0.0640625
3 0.66328125 0.4921875 0.1078125 0.0796875
3 0.8 0.6796875 0.109375 0.0828125
3 0.71640625 0.14296875 0.121875 0.121875
3 0.58828125 0.42890625 0.096875 0.0734375