3 0.04453125 0.79765625 0.0484375 0.10078125
3 0.26796875 0.9515625 0.03359375 0.09609375
3 0.58125 0.921875 0.046875 0.1140625
3 0.6046875 0.78046875 0.03984375 0.09921875
3 0.5359375 0.76484375 0.0359375 0.09921875
3 0.33125 0.7890625 0.04609375 0.1
2 0.15703125 0.8484375 0.05078125 0.1140625
3 0.5765625 0.71171875 0.03125 0.0765625
3 0.65078125 0.94140625 0.053125 0.11640625
3 0.45703125 0.6859375 0.0296875 0.0828125
3 0.1515625 0.7921875 0.03203125 0.09921875
3 0.29375 0.91875 0.02734375 0.10859375
3 0.52421875 0.71796875 0.021875 0.07578125