3 0.29609375 0.1546875 0.08125 0.08125
3 0.6828125 0.34140625 0.08125 0.10625
3 0.86875 0.24921875 0.115625 0.1140625
3 0.771875 0.19375 0.1140625 0.14375
2 0.31796875 0.06015625 0.09375 0.09375
3 0.55546875 0.0765625 0.1140625 0.1125
3 0.4828125 0.240625 0.078125 0.103125
3 0.63671875 0.284375 0.103125 0.103125
3 0.57265625 0.09453125 0.0734375 0.1109375
3 0.65078125 0.02421875 0.0296875 0.025
3 0.546875 0.321875 0.059375 0.059375
3 0.290625 0.10546875 0.0609375 0.0859375
3 0.56171875 0.35546875 0.0765625 0.0765625
3 0.59296875 0.3859375 0.05625 0.0734375