3 0.9640625 0.790625 0.0375 0.121875
3 0.52578125 0.696875 0.0390625 0.11328125
3 0.75390625 0.65 0.03046875 0.1
3 0.971875 0.60078125 0.0265625 0.10390625
3 0.68671875 0.65625 0.03046875 0.1
3 0.50390625 0.93203125 0.05 0.13515625
3 0.671875 0.5921875 0.0265625 0.08671875
3 0.43203125 0.625 0.0265625 0.1015625
3 0.54375 0.79140625 0.03515625 0.1328125
3 0.990625 0.740625 0.01875 0.11875
3 0.86875 0.59140625 0.02890625 0.10234375
1 0.9984375 0.66015625 0.003125 0.1046875
0 0.6484375 0.63125 0.01328125 0.02890625