3 0.19140625 0.9046875 0.115625 0.0390625
3 0.26875 0.46640625 0.1171875 0.046875
2 0.3203125 0.93828125 0.0765625 0.0765625
3 0.38046875 0.8953125 0.109375 0.034375
3 0.35859375 0.9796875 0.1109375 0.040625
3 0.3203125 0.621875 0.0765625 0.078125
3 0.3765625 0.825 0.0921875 0.0375
3 0.33984375 0.35625 0.1203125 0.040625
3 0.32890625 0.69765625 0.1046875 0.0453125
3 0.04609375 0.44453125 0.08125 0.0796875
3 0.15859375 0.44609375 0.090625 0.090625
3 0.43515625 0.9359375 0.0890625 0.0328125
3 0.2453125 0.9296875 0.11875 0.0359375
3 0.37421875 0.6078125 0.0796875 0.028125
0 0.34296875 0.58125 0.0203125 0.0140625