3 0.321875 0.63359375 0.04140625 0.1015625
3 0.478125 0.7296875 0.04765625 0.13203125
3 0.1359375 0.74296875 0.04765625 0.11640625
3 0.23046875 0.72265625 0.04609375 0.1109375
3 0.521875 0.74296875 0.04296875 0.12109375
3 0.1859375 0.56328125 0.0328125 0.09609375
3 0.21640625 0.5625 0.03828125 0.0859375
3 0.6046875 0.9140625 0.05390625 0.14609375
3 0.0484375 0.79609375 0.06328125 0.140625
3 0.1328125 0.62265625 0.02578125 0.103125
3 0.1109375 0.6109375 0.02578125 0.096875
2 0.15390625 0.6796875 0.0234375 0.10625