3 0.01640625 0.31171875 0.0328125 0.0890625
3 0.171875 0.11328125 0.0640625 0.10625
3 0.484375 0.0703125 0.0703125 0.1203125
3 0.5390625 0.203125 0.071875 0.1109375
3 0.47578125 0.23359375 0.0828125 0.084375
3 0.2703125 0.25625 0.075 0.1125
2 0.0875 0.2375 0.1109375 0.109375
3 0.52734375 0.2765625 0.071875 0.0734375
3 0.546875 0.04453125 0.10625 0.0890625
3 0.41640625 0.328125 0.0484375 0.0890625
3 0.09453125 0.29375 0.0625 0.10625
3 0.2046875 0.13828125 0.0828125 0.0828125
3 0.47421875 0.28203125 0.0421875 0.0796875