3 0.878125 0.83515625 0.09375 0.0921875
3 0.98828125 0.759375 0.015625 0.1171875
3 0.675 0.690625 0.0671875 0.0671875
3 0.96796875 0.67109375 0.0375 0.1078125
3 0.4390625 0.746875 0.0734375 0.0734375
3 0.60078125 0.6921875 0.0359375 0.096875
3 0.87265625 0.65234375 0.0671875 0.065625
3 0.3375 0.65390625 0.0296875 0.1328125
3 0.80390625 0.63828125 0.0359375 0.090625
3 0.4 0.8375 0.0703125 0.0703125
3 0.40078125 0.95546875 0.04375 0.0859375
3 0.58515625 0.64296875 0.0296875 0.0734375
3 0.9109375 0.60390625 0.0578125 0.0578125
3 0.94921875 0.5921875 0.03125 0.065625
2 0.91484375 0.7046875 0.06875 0.06875
3 0.9015625 0.78125 0.0359375 0.1125
0 0.55859375 0.67265625 0.0203125 0.021875