3 0.4203125 0.953125 0.034375 0.09375
3 0.42265625 0.83203125 0.03671875 0.14609375
3 0.4484375 0.746875 0.034375 0.13125
3 0.61484375 0.6890625 0.034375 0.0984375
3 0.69140625 0.68515625 0.0359375 0.09140625
3 0.340625 0.66328125 0.03046875 0.09140625
3 0.89140625 0.82890625 0.04375 0.12265625
3 0.91328125 0.76875 0.03203125 0.12265625
3 0.996875 0.74609375 0.00625 0.1046875
3 0.9765625 0.66640625 0.0296875 0.09765625
3 0.8796875 0.6390625 0.0265625 0.09921875
3 0.8140625 0.63984375 0.02421875 0.084375
3 0.9265625 0.59140625 0.02109375 0.0796875
3 0.9625 0.59296875 0.0203125 0.08203125
2 0.925 0.69453125 0.02578125 0.0984375
3 0.5953125 0.634375 0.0265625 0.08125
0 0.5703125 0.665625 0.01328125 0.01796875