3 0.4609375 0.94609375 0.046875 0.10703125
3 0.91875 0.79453125 0.03828125 0.125
3 0.92109375 0.62109375 0.028125 0.10546875
3 0.4859375 0.71875 0.03203125 0.103125
3 0.95078125 0.759375 0.03046875 0.1203125
3 0.99375 0.62578125 0.0125 0.11875
2 0.96953125 0.68046875 0.02734375 0.10390625
3 0.38359375 0.62890625 0.03203125 0.13671875
3 0.64921875 0.66640625 0.028125 0.103125
3 0.84140625 0.6109375 0.03046875 0.10390625
3 0.640625 0.615625 0.028125 0.075
3 0.71640625 0.6625 0.03125 0.10390625
0 0.603125 0.64296875 0.01640625 0.03125