3 0.51484375 0.3625 0.0671875 0.121875
3 0.1 0.37265625 0.0859375 0.0859375
3 0.28984375 0.24296875 0.1015625 0.1015625
2 0.25390625 0.35234375 0.0671875 0.109375
3 0.29296875 0.51484375 0.0453125 0.0859375
3 0.48203125 0.4953125 0.0578125 0.0578125
3 0.09921875 0.46484375 0.05 0.1
3 0.3734375 0.24375 0.0703125 0.134375
3 0.53125 0.43046875 0.0359375 0.06875
3 0.434375 0.45703125 0.05 0.0984375
3 0.34765625 0.4203125 0.0609375 0.1203125
3 0.50859375 0.03984375 0.0765625 0.0765625
3 0.7046875 0.21015625 0.04375 0.140625
3 0.67265625 0.228125 0.109375 0.1078125