3 0.95078125 0.29609375 0.0984375 0.1171875
3 0.65546875 0.3515625 0.0625 0.1078125
3 0.984375 0.47421875 0.03125 0.1140625
3 0.5171875 0.253125 0.06875 0.115625
3 0.546875 0.040625 0.084375 0.08125
3 0.90390625 0.46484375 0.0765625 0.0765625
3 0.39140625 0.30859375 0.1109375 0.1109375
3 0.725 0.37578125 0.0984375 0.1
3 0.8375 0.4484375 0.0578125 0.0921875
3 0.9671875 0.35390625 0.065625 0.1140625
3 0.928125 0.5328125 0.0765625 0.0765625
3 0.50859375 0.146875 0.071875 0.1359375
3 0.62734375 0.3859375 0.0640625 0.065625
0 0.60859375 0.35546875 0.028125 0.028125
2 0.9578125 0.42421875 0.084375 0.0828125
3 0.9671875 0.5375 0.053125 0.08125