3 0.9359375 0.0328125 0.040625 0.05625
3 0.92578125 0.271875 0.1109375 0.065625
3 0.6875 0.06640625 0.0984375 0.0484375
3 0.82265625 0.5328125 0.0796875 0.08125
3 0.95625 0.58046875 0.0875 0.0609375
3 0.8109375 0.2453125 0.1125 0.053125
3 0.69375 0.43046875 0.06875 0.0703125
3 0.9328125 0.50546875 0.0828125 0.084375
3 0.7375 0.0234375 0.078125 0.046875
3 0.72421875 0.49296875 0.0890625 0.0875
3 0.93125 0.09375 0.059375 0.059375
3 0.82734375 0.490625 0.1078125 0.0609375
2 0.828125 0.190625 0.11875 0.0609375
3 0.56015625 0.01484375 0.0796875 0.0296875