3 0.9265625 0.6703125 0.03984375 0.096875
3 0.75859375 0.77734375 0.040625 0.11015625
2 0.84453125 0.81484375 0.04765625 0.12265625
3 0.3640625 0.89609375 0.05078125 0.12734375
3 0.82734375 0.9796875 0.06796875 0.040625
3 0.5109375 0.6671875 0.02734375 0.10859375
3 0.5859375 0.63984375 0.03515625 0.09765625
3 0.70078125 0.8953125 0.05 0.13046875
3 0.4765625 0.771875 0.0390625 0.10625
3 0.43125 0.87265625 0.04921875 0.128125
3 0.97265625 0.953125 0.0484375 0.09375
3 0.42421875 0.7640625 0.03828125 0.10546875