3 0.771875 0.0703125 0.1109375 0.1109375
3 0.396875 0.30078125 0.1078125 0.10625
3 0.83984375 0.22890625 0.0875 0.0875
2 0.86171875 0.15625 0.09375 0.0953125
3 0.5703125 0.28828125 0.0734375 0.1078125
3 0.76953125 0.265625 0.0890625 0.0875
3 0.8921875 0.19296875 0.0625 0.0734375
3 0.81171875 0.09140625 0.1015625 0.1
3 0.63359375 0.26953125 0.0875 0.0859375
3 0.3515625 0.21171875 0.1140625 0.115625
3 0.3359375 0.42890625 0.1203125 0.1203125
3 0.57578125 0.3453125 0.05625 0.084375
0 0.53671875 0.3296875 0.0265625 0.0265625
3 0.9109375 0.2546875 0.0703125 0.0703125
3 0.928125 0.2453125 0.04375 0.0765625