3 0.634375 0.93984375 0.0875 0.0859375
3 0.58203125 0.83125 0.1140625 0.15625
3 0.56640625 0.74375 0.0953125 0.1359375
3 0.68828125 0.61640625 0.0984375 0.096875
3 0.7546875 0.578125 0.0796875 0.1015625
3 0.43203125 0.71796875 0.075 0.0984375
3 0.96875 0.61484375 0.0625 0.1203125
3 0.97265625 0.55078125 0.0546875 0.1265625
3 0.97578125 0.4328125 0.0484375 0.0875
3 0.9015625 0.4515625 0.0921875 0.0921875
3 0.84296875 0.48203125 0.071875 0.0734375
3 0.921875 0.3875 0.05625 0.08125
3 0.9546875 0.37265625 0.0578125 0.084375
2 0.96171875 0.4796875 0.0765625 0.0875
3 0.64609375 0.5765625 0.0671875 0.0875
0 0.6375 0.615625 0.0203125 0.0203125