3 0.23828125 0.71796875 0.03359375 0.11953125
3 0.0703125 0.78828125 0.03828125 0.12734375
3 0.61640625 0.9125 0.040625 0.153125
2 0.159375 0.67578125 0.02734375 0.10703125
3 0.52109375 0.734375 0.034375 0.12578125
3 0.11796875 0.60703125 0.025 0.103125
3 0.3328125 0.63125 0.02421875 0.11171875
3 0.13828125 0.7375 0.03125 0.12265625
3 0.19609375 0.55625 0.02109375 0.0953125
3 0.49375 0.7265625 0.03203125 0.13203125
3 0.22890625 0.55625 0.021875 0.07890625
3 0.14453125 0.6203125 0.02421875 0.09765625