3 0.440625 0.896875 0.096875 0.0734375
3 0.25859375 0.50859375 0.1125 0.084375
3 0.05546875 0.4625 0.1109375 0.1125
3 0.09609375 0.5671875 0.1453125 0.1125
2 0.36484375 0.95625 0.1078125 0.078125
3 0.190625 0.79453125 0.1375 0.0859375
3 0.35 0.7125 0.0953125 0.0953125
3 0.2578125 0.58125 0.1171875 0.0890625
3 0.18828125 0.76953125 0.1203125 0.0828125
3 0.078125 0.7765625 0.0234375 0.0453125
3 0.3515625 0.60859375 0.0578125 0.0578125
3 0.41484375 0.93828125 0.0875 0.0578125
3 0.3609375 0.57421875 0.075 0.075
3 0.35625 0.5296875 0.075 0.053125