3 0.21484375 0.8171875 0.04140625 0.09296875
3 0.415625 0.81484375 0.0390625 0.0953125
3 0.98125 0.7921875 0.03671875 0.10390625
3 0.02578125 0.86015625 0.04140625 0.1046875
3 0.25859375 0.7296875 0.02265625 0.08828125
3 0.36796875 0.71328125 0.03828125 0.0875
3 0.065625 0.684375 0.028125 0.06953125
3 0.3921875 0.69921875 0.040625 0.08359375
3 0.12265625 0.7359375 0.03359375 0.075
2 0.0671875 0.81875 0.03828125 0.09140625
3 0.27421875 0.9890625 0.05234375 0.021875
3 0.278125 0.7234375 0.01953125 0.075