3 0.4921875 0.40546875 0.071875 0.11875
3 0.3046875 0.23984375 0.1046875 0.1046875
3 0.45234375 0.45 0.0578125 0.1015625
2 0.26484375 0.3359375 0.084375 0.0859375
3 0.71015625 0.3203125 0.078125 0.140625
3 0.36953125 0.471875 0.05 0.090625
3 0.71328125 0.11171875 0.0984375 0.1515625
3 0.40390625 0.503125 0.0765625 0.075
3 0.375 0.278125 0.0671875 0.121875
3 0.65703125 0.33359375 0.0921875 0.0921875
3 0.284375 0.4046875 0.053125 0.103125
3 0.13671875 0.45390625 0.065625 0.0640625
3 0.03828125 0.36875 0.0546875 0.0734375
3 0.04140625 0.309375 0.0359375 0.053125