3 0.9 0.8109375 0.03671875 0.1296875
3 0.46484375 0.72890625 0.03203125 0.11640625
3 0.440625 0.95 0.04609375 0.1
2 0.94296875 0.690625 0.0296875 0.1046875
3 0.36171875 0.65 0.0296875 0.11640625
3 0.696875 0.6703125 0.03046875 0.1
3 0.6296875 0.6796875 0.03203125 0.09921875
3 0.98671875 0.64453125 0.02578125 0.1109375
3 0.4484375 0.8265625 0.0359375 0.13671875
3 0.89921875 0.62734375 0.02734375 0.09765625
3 0.6125 0.6234375 0.021875 0.0765625
3 0.825 0.628125 0.0328125 0.0921875
3 0.93125 0.76875 0.0328125 0.11484375
0 0.584375 0.65703125 0.01875 0.0421875