3 0.52890625 0.63515625 0.04921875 0.115625
3 0.115625 0.66875 0.0453125 0.0984375
3 0.31796875 0.77734375 0.05234375 0.13359375
2 0.2703125 0.67265625 0.04453125 0.1015625
3 0.2921875 0.50703125 0.03046875 0.08125
3 0.4828125 0.50625 0.02890625 0.06953125
3 0.1046875 0.5765625 0.03046875 0.09296875
3 0.40078125 0.76796875 0.05078125 0.128125
3 0.53828125 0.565625 0.0265625 0.065625
3 0.4390625 0.54921875 0.034375 0.09375
3 0.35703125 0.5953125 0.03671875 0.11328125
3 0.55703125 0.95703125 0.05390625 0.08515625
3 0.73359375 0.7671875 0.03046875 0.13671875
3 0.7 0.75234375 0.04296875 0.13515625