3 0.25 0.06171875 0.096875 0.1234375
3 0.61328125 0.30625 0.115625 0.115625
3 0.175 0.21171875 0.0765625 0.109375
2 0.1578125 0.1375 0.1 0.103125
3 0.440625 0.28515625 0.09375 0.09375
3 0.24296875 0.2515625 0.071875 0.1046875
3 0.12421875 0.17265625 0.065625 0.0765625
3 0.21015625 0.07578125 0.0765625 0.1171875
3 0.37890625 0.2625 0.090625 0.090625
3 0.66328125 0.2203125 0.09375 0.1359375
3 0.66796875 0.4375 0.0984375 0.1515625
3 0.43203125 0.34140625 0.071875 0.071875
0 0.47265625 0.328125 0.0265625 0.0265625
3 0.10234375 0.2328125 0.0640625 0.0875
3 0.09296875 0.22734375 0.0484375 0.05625