3 0.4984375 0.79375 0.0984375 0.0796875
3 0.75390625 0.73828125 0.1421875 0.109375
3 0.38125 0.9609375 0.084375 0.078125
3 0.6171875 0.45546875 0.06875 0.059375
3 0.921875 0.38671875 0.146875 0.121875
2 0.60703125 0.78671875 0.1203125 0.1015625
3 0.77265625 0.6859375 0.1390625 0.109375
3 0.6984375 0.4359375 0.1046875 0.0859375
3 0.93984375 0.70078125 0.0640625 0.078125
3 0.60625 0.62421875 0.0984375 0.0984375
3 0.54296875 0.846875 0.0921875 0.0921875
3 0.91484375 0.45078125 0.125 0.125
3 0.61015625 0.52578125 0.096875 0.078125