3 0.95390625 0.78984375 0.040625 0.12890625
3 0.96796875 0.603125 0.025 0.103125
3 0.4984375 0.9328125 0.046875 0.134375
3 0.52265625 0.69765625 0.0375 0.1140625
3 0.525 0.790625 0.03828125 0.12734375
3 0.42734375 0.62265625 0.02890625 0.11171875
3 0.7515625 0.65078125 0.0328125 0.1046875
3 0.9875 0.74453125 0.025 0.1203125
3 0.67890625 0.653125 0.03203125 0.1015625
2 0.99609375 0.67109375 0.00703125 0.109375
3 0.8625 0.6 0.0328125 0.08671875
3 0.66640625 0.60234375 0.028125 0.06171875
0 0.64296875 0.628125 0.0140625 0.0171875