3 0.23984375 0.63671875 0.034375 0.08515625
3 0.40859375 0.8359375 0.04921875 0.1296875
3 0.03359375 0.61328125 0.034375 0.084375
3 0.59453125 0.5828125 0.03359375 0.05859375
3 0.7984375 0.81953125 0.0515625 0.12421875
2 0.296875 0.72890625 0.0515625 0.10234375
3 0.4640625 0.828125 0.04609375 0.12421875
3 0.65 0.6453125 0.0359375 0.090625
3 0.52890625 0.984375 0.06875 0.03125
3 0.440625 0.65234375 0.034375 0.09765625
3 0.2140625 0.70078125 0.0359375 0.0953125
3 0.73828125 0.84296875 0.04453125 0.12890625
3 0.52890625 0.609375 0.0375 0.0859375