3 0.89375 0.82265625 0.03359375 0.11484375
3 0.45859375 0.7296875 0.03046875 0.11328125
2 0.93203125 0.69453125 0.028125 0.10859375
3 0.890625 0.63359375 0.02421875 0.10859375
3 0.9765625 0.6578125 0.0296875 0.10625
3 0.615625 0.68359375 0.0328125 0.10703125
3 0.8203125 0.634375 0.03125 0.08984375
3 0.35078125 0.6546875 0.02734375 0.11953125
3 0.69140625 0.678125 0.0328125 0.10234375
3 0.42890625 0.9515625 0.04609375 0.09609375
3 0.434375 0.8390625 0.03203125 0.13203125
3 0.93359375 0.5796875 0.021875 0.0875
3 0.9203125 0.76953125 0.03046875 0.1171875
3 0.603125 0.6296875 0.025 0.07734375
0 0.57578125 0.66015625 0.01171875 0.0203125