3 0.04921875 0.57109375 0.0984375 0.0734375
3 0.1609375 0.53515625 0.1546875 0.090625
3 0.25 0.53125 0.1125 0.1140625
3 0.35859375 0.6703125 0.090625 0.090625
3 0.3875 0.74140625 0.1046875 0.0734375
3 0.29375 0.40234375 0.0984375 0.0625
3 0.315625 0.96796875 0.13125 0.0640625
3 0.3796875 0.96953125 0.13125 0.0609375
3 0.49765625 0.98515625 0.1046875 0.0296875
3 0.4921875 0.90390625 0.0796875 0.0796875
3 0.4703125 0.8421875 0.0734375 0.071875
3 0.55234375 0.9328125 0.06875 0.06875
3 0.5625 0.9671875 0.0859375 0.05
2 0.4546875 0.9609375 0.084375 0.078125
3 0.40390625 0.63359375 0.0859375 0.053125
0 0.36640625 0.6203125 0.0203125 0.0203125