3 0.1859375 0.1046875 0.1015625 0.1015625
3 0.07578125 0.16328125 0.0515625 0.071875
3 0.3609375 0.28203125 0.0734375 0.0734375
3 0.0734375 0.2515625 0.0796875 0.0859375
3 0.60234375 0.26796875 0.0515625 0.115625
3 0.434375 0.29296875 0.0515625 0.1015625
3 0.16015625 0.28515625 0.053125 0.103125
3 0.6875 0.3765625 0.0578125 0.1359375
3 0.225 0.3109375 0.065625 0.065625
3 0.65703125 0.18515625 0.0875 0.0875
3 0.6765625 0.06796875 0.0703125 0.0703125
3 0.44140625 0.34453125 0.0421875 0.078125
3 0.11328125 0.3265625 0.0625 0.0625
3 0.0734375 0.33125 0.053125 0.0546875
2 0.12734375 0.2265625 0.0484375 0.1015625
3 0.15390625 0.153125 0.0515625 0.115625
0 0.471875 0.31953125 0.0203125 0.0328125