3 0.16171875 0.715625 0.03359375 0.08671875
3 0.590625 0.72421875 0.040625 0.0984375
3 0.71484375 0.890625 0.04609375 0.11953125
3 0.603125 0.89609375 0.05390625 0.1265625
2 0.13828125 0.809375 0.034375 0.0984375
3 0.35703125 0.90234375 0.0328125 0.13515625
3 0.3671875 0.7234375 0.034375 0.09765625
3 0.52421875 0.75390625 0.04140625 0.103125
3 0.38046875 0.89453125 0.02578125 0.11171875
3 0.41953125 0.99921875 0.04765625 0.0015625
3 0.4609375 0.6796875 0.015625 0.07265625
3 0.134375 0.75625 0.02265625 0.084375
3 0.4890625 0.65703125 0.02421875 0.08203125
3 0.53125 0.64375 0.02421875 0.0703125