3 0.12578125 0.98828125 0.0609375 0.0234375
3 0.06171875 0.84296875 0.05 0.10625
3 0.31796875 0.8984375 0.0921875 0.09375
3 0.603125 0.9796875 0.0296875 0.025
3 0.19921875 0.821875 0.0546875 0.0984375
3 0.0515625 0.74375 0.0515625 0.0640625
3 0.24453125 0.92890625 0.0609375 0.1125
3 0.5703125 0.78359375 0.0828125 0.08125
3 0.7 0.8765625 0.0984375 0.0984375
2 0.18671875 0.93984375 0.0859375 0.084375
3 0.6078125 0.86015625 0.0703125 0.115625
3 0.446875 0.7578125 0.0515625 0.096875
3 0.4984375 0.7546875 0.06875 0.06875