3 0.94296875 0.79921875 0.040625 0.12890625
3 0.4859375 0.9421875 0.05 0.115625
3 0.85703125 0.60546875 0.02890625 0.1015625
3 0.41328125 0.62109375 0.0296875 0.12421875
3 0.98203125 0.74296875 0.03046875 0.11953125
3 0.51796875 0.79921875 0.0328125 0.13046875
2 0.98984375 0.66796875 0.01953125 0.1015625
3 0.9453125 0.60859375 0.02578125 0.09453125
3 0.67109375 0.653125 0.03203125 0.0890625
0 0.63203125 0.634375 0.0140625 0.0328125
3 0.73828125 0.65390625 0.0390625 0.09375
3 0.51015625 0.696875 0.034375 0.10546875
3 0.65546875 0.60703125 0.028125 0.08359375