3 0.4734375 0.7125 0.025 0.0875
3 0.0171875 0.79375 0.034375 0.0984375
3 0.5890625 0.9359375 0.040625 0.128125
3 0.2671875 0.95078125 0.02578125 0.0984375
3 0.528125 0.946875 0.05859375 0.10546875
3 0.54140625 0.80390625 0.0421875 0.1078125
3 0.490625 0.78046875 0.03125 0.09375
3 0.45234375 0.71640625 0.021875 0.096875
3 0.28984375 0.934375 0.02578125 0.11953125
3 0.29296875 0.78828125 0.0234375 0.1015625
3 0.40859375 0.6953125 0.021875 0.08125
2 0.0375 0.85234375 0.03671875 0.08671875
3 0.06015625 0.8046875 0.02578125 0.08125