3 0.134375 0.14921875 0.0640625 0.1359375
3 0.55859375 0.27578125 0.0546875 0.1203125
3 0.60625 0.05859375 0.0828125 0.0828125
2 0.0796875 0.2640625 0.08125 0.0828125
3 0.653125 0.365625 0.0875 0.0859375
3 0.321875 0.31015625 0.0765625 0.078125
3 0.38984375 0.3078125 0.075 0.071875
3 0.0421875 0.3078125 0.0578125 0.075
3 0.58515625 0.18046875 0.1 0.1
3 0.11640625 0.33125 0.0765625 0.0734375
3 0.40078125 0.365625 0.0390625 0.08125
3 0.18984375 0.33828125 0.071875 0.071875
3 0.09921875 0.1875 0.0859375 0.0859375
0 0.4328125 0.33515625 0.0265625 0.04375