3 0.8875 0.27578125 0.1109375 0.1109375
3 0.94375 0.7546875 0.109375 0.109375
3 0.7875 0.83046875 0.096875 0.096875
3 0.6921875 0.39453125 0.1125 0.078125
3 0.92578125 0.79921875 0.109375 0.109375
3 0.815625 0.88203125 0.0765625 0.0640625
2 0.86171875 0.84921875 0.1078125 0.071875
3 0.56796875 0.33984375 0.1390625 0.090625
3 0.7140625 0.56484375 0.0890625 0.0890625
3 0.74453125 0.7625 0.109375 0.0765625
3 0.6640625 0.57890625 0.08125 0.059375
3 0.7390625 0.62734375 0.090625 0.090625
0 0.6734375 0.5328125 0.034375 0.034375