3 0.89140625 0.98828125 0.0484375 0.0234375
3 0.65859375 0.95 0.0609375 0.1
3 0.89921875 0.753125 0.0453125 0.096875
3 0.4171875 0.81328125 0.05 0.1046875
3 0.3484375 0.94609375 0.075 0.075
3 0.703125 0.846875 0.0765625 0.078125
3 0.5390625 0.70234375 0.040625 0.0890625
3 0.4265625 0.9265625 0.0765625 0.078125
3 0.94765625 0.81171875 0.0765625 0.075
3 0.471875 0.72265625 0.0796875 0.078125
3 0.83359375 0.9796875 0.0578125 0.040625
3 0.4578125 0.825 0.0578125 0.10625
2 0.75390625 0.87265625 0.078125 0.078125
3 0.96875 0.6359375 0.053125 0.05625