3 0.49609375 0.2859375 0.0375 0.090625
3 0.05859375 0.16015625 0.0578125 0.0734375
3 0.634375 0.07578125 0.1 0.1
3 0.315625 0.03203125 0.075 0.0640625
3 0.5734375 0.059375 0.071875 0.1140625
3 0.57265625 0.20234375 0.059375 0.1140625
3 0.5203125 0.2203125 0.05 0.0984375
3 0.475 0.2796875 0.0359375 0.1
3 0.33671875 0.053125 0.0453125 0.10625
3 0.32421875 0.19140625 0.04375 0.1046875
3 0.4296875 0.29609375 0.0640625 0.0625
2 0.0765625 0.1015625 0.046875 0.0890625
3 0.09453125 0.15078125 0.0640625 0.0625