3 0.946875 0.665625 0.0375 0.1
3 0.36328125 0.8546875 0.05390625 0.1328125
3 0.659375 0.69140625 0.03984375 0.0984375
3 0.3171875 0.67109375 0.04296875 0.1125
3 0.41953125 0.75078125 0.046875 0.1140625
3 0.84453125 0.64375 0.0328125 0.0921875
3 0.38984375 0.9546875 0.059375 0.090625
3 0.58203125 0.690625 0.03984375 0.103125
3 0.9828125 0.7484375 0.034375 0.1109375
3 0.8609375 0.82578125 0.03828125 0.11875
3 0.78671875 0.63671875 0.034375 0.0890625
3 0.87734375 0.78125 0.025 0.11484375
3 0.875 0.590625 0.02734375 0.096875
3 0.92734375 0.59921875 0.03203125 0.0890625
3 0.5625 0.63828125 0.02890625 0.07578125
0 0.54140625 0.671875 0.01328125 0.028125
3 0.884375 0.696875 0.028125 0.096875