3 0.9046875 0.80859375 0.0421875 0.115625
3 0.46640625 0.73125 0.0734375 0.075
2 0.93828125 0.6796875 0.0453125 0.1125
3 0.8953125 0.61953125 0.034375 0.109375
3 0.98203125 0.64140625 0.034375 0.1078125
3 0.621875 0.6796875 0.034375 0.109375
3 0.825 0.6234375 0.0375 0.0921875
3 0.35625 0.66015625 0.03125 0.1203125
3 0.69765625 0.67109375 0.0765625 0.078125
3 0.44453125 0.95390625 0.0765625 0.078125
3 0.44609375 0.84140625 0.09375 0.09375
3 0.9359375 0.56484375 0.0578125 0.0578125
3 0.9296875 0.7546875 0.0484375 0.1203125
3 0.6078125 0.62578125 0.0546875 0.0546875
0 0.58125 0.65703125 0.0140625 0.0203125