3 0.52734375 0.034375 0.0890625 0.06875
3 0.87890625 0.52734375 0.121875 0.121875
3 0.63671875 0.29140625 0.090625 0.090625
3 0.7171875 0.625 0.1203125 0.075
3 0.76328125 0.50390625 0.1109375 0.1109375
3 0.53671875 0.128125 0.0828125 0.0828125
3 0.95859375 0.47265625 0.0828125 0.0984375
3 0.65859375 0.365625 0.1109375 0.0703125
3 0.70625 0.059375 0.0984375 0.0984375
3 0.546875 0.1859375 0.0984375 0.065625
3 0.65859375 0.05703125 0.0890625 0.0890625
3 0.47734375 0.11484375 0.08125 0.08125
3 0.4703125 0.0625 0.084375 0.084375
3 0.6140625 0.4 0.0828125 0.0546875
0 0.65234375 0.41015625 0.03125 0.021875
3 0.57578125 0.075 0.0859375 0.0859375