3 0.22265625 0.07578125 0.1109375 0.1109375
3 0.6078125 0.2953125 0.071875 0.121875
3 0.703125 0.09453125 0.084375 0.1140625
2 0.14296875 0.17578125 0.09375 0.0953125
3 0.6796875 0.403125 0.0921875 0.0921875
3 0.36953125 0.275 0.0828125 0.0828125
3 0.4359375 0.2875 0.0828125 0.0828125
3 0.0875 0.20546875 0.0625 0.1140625
3 0.6546875 0.2078125 0.1109375 0.1109375
3 0.1640625 0.25 0.0796875 0.078125
3 0.43359375 0.346875 0.046875 0.08125
3 0.234375 0.27265625 0.0875 0.0875
3 0.1796875 0.10546875 0.0984375 0.096875
0 0.47109375 0.32421875 0.034375 0.0484375