3 0.1625 0.1203125 0.1015625 0.1015625
2 0.1015625 0.23359375 0.08125 0.08125
3 0.578125 0.27578125 0.0890625 0.090625
3 0.059375 0.27109375 0.0640625 0.078125
3 0.13359375 0.3 0.075 0.075
3 0.2078125 0.3140625 0.071875 0.0703125
3 0.4109375 0.2984375 0.0546875 0.1109375
3 0.6421875 0.06796875 0.0890625 0.0875
3 0.6703125 0.37109375 0.084375 0.0859375
3 0.3390625 0.29375 0.078125 0.0765625
3 0.61328125 0.18125 0.059375 0.1375
3 0.12890625 0.16640625 0.071875 0.071875
3 0.41953125 0.3546875 0.0765625 0.078125
0 0.44921875 0.33046875 0.0125 0.0234375