3 0.52734375 0.590625 0.04375 0.1078125
3 0.7453125 0.7140625 0.0921875 0.09375
3 0.55703125 0.5390625 0.0359375 0.0921875
2 0.76484375 0.61171875 0.0390625 0.0984375
3 0.33203125 0.71953125 0.0515625 0.1328125
3 0.63359375 0.5 0.04375 0.0890625
3 0.371875 0.92421875 0.103125 0.1015625
3 0.59375 0.47734375 0.0390625 0.09375
3 0.66796875 0.690625 0.0828125 0.0828125
3 0.38046875 0.69609375 0.0875 0.0859375
3 0.73046875 0.5484375 0.0703125 0.06875
3 0.86484375 0.46953125 0.0546875 0.05625
3 0.98671875 0.53125 0.0265625 0.103125
3 0.9859375 0.5890625 0.028125 0.05