3 0.88359375 0.828125 0.04296875 0.12578125
3 0.99609375 0.7515625 0.00703125 0.11875
3 0.678125 0.6875 0.028125 0.09609375
3 0.97109375 0.66328125 0.02890625 0.10546875
3 0.44375 0.74765625 0.0328125 0.1125
3 0.60390625 0.690625 0.025 0.0953125
3 0.875 0.64609375 0.0234375 0.09765625
3 0.33984375 0.65703125 0.028125 0.1328125
3 0.80625 0.6328125 0.0234375 0.08984375
3 0.40625 0.8390625 0.02421875 0.11484375
3 0.409375 0.9578125 0.034375 0.084375
3 0.5875 0.64140625 0.0265625 0.07421875
3 0.9125 0.596875 0.0171875 0.0875
3 0.95078125 0.584375 0.02421875 0.06328125
2 0.91796875 0.69765625 0.02421875 0.09921875
3 0.90625 0.77421875 0.03046875 0.1125
0 0.56171875 0.671875 0.0109375 0.0328125