3 0.06171875 0.18671875 0.0484375 0.13125
3 0.03828125 0.37265625 0.0296875 0.1046875
3 0.52421875 0.06796875 0.053125 0.1359375
3 0.4875 0.3015625 0.0796875 0.0796875
3 0.490625 0.20859375 0.053125 0.1296875
3 0.57890625 0.38125 0.0734375 0.0765625
3 0.25703125 0.3359375 0.075 0.0765625
3 0.0390625 0.2328125 0.0546875 0.0765625
3 0.3296875 0.3375 0.0765625 0.075
2 0.01484375 0.30390625 0.0171875 0.109375
3 0.14296875 0.38125 0.0453125 0.0921875
3 0.3390625 0.3890625 0.0515625 0.0515625
0 0.3640625 0.36484375 0.015625 0.01875