3 0.39921875 0.93671875 0.10625 0.1078125
3 0.0265625 0.65 0.053125 0.134375
3 0.06171875 0.48515625 0.084375 0.084375
3 0.44609375 0.7125 0.071875 0.1140625
3 0.02109375 0.60703125 0.0421875 0.1015625
3 0.0171875 0.4703125 0.034375 0.075
2 0.02109375 0.525 0.0421875 0.084375
3 0.57109375 0.65859375 0.1125 0.115625
3 0.30703125 0.6125 0.0890625 0.0890625
3 0.14140625 0.5 0.0671875 0.1125
3 0.33046875 0.56640625 0.0671875 0.0671875
3 0.24375 0.5875 0.09375 0.09375
0 0.3578125 0.60390625 0.028125 0.0375