3 0.72890625 0.4265625 0.1109375 0.1109375
3 0.5890625 0.0296875 0.11875 0.059375
3 0.41328125 0.02578125 0.1109375 0.0515625
3 0.6078125 0.3109375 0.10625 0.1078125
3 0.46328125 0.159375 0.090625 0.0921875
3 0.93203125 0.34609375 0.096875 0.096875
3 0.43203125 0.096875 0.1046875 0.078125
2 0.4640625 0.04140625 0.1 0.0828125
3 0.71171875 0.55625 0.1203125 0.084375
3 0.56640625 0.24921875 0.1 0.1
3 0.5375 0.03046875 0.11875 0.0609375
3 0.8359375 0.3984375 0.1203125 0.1203125
3 0.36796875 0.0796875 0.096875 0.0734375
3 0.3609375 0.0421875 0.090625 0.065625
3 0.56953125 0.34453125 0.0765625 0.0609375
0 0.6078125 0.3578125 0.03125 0.025