3 0.453125 0.7359375 0.03359375 0.1140625
3 0.89296875 0.8203125 0.040625 0.125
3 0.96875 0.6609375 0.02890625 0.1078125
3 0.61328125 0.6859375 0.034375 0.1078125
3 0.815625 0.6328125 0.03125 0.1015625
3 0.425 0.95234375 0.046875 0.0953125
3 0.8859375 0.6359375 0.025 0.10078125
2 0.9265625 0.69609375 0.0265625 0.11015625
3 0.3484375 0.6578125 0.0296875 0.1203125
3 0.6875 0.6796875 0.03125 0.10234375
3 0.91640625 0.7734375 0.034375 0.1265625
3 0.42578125 0.84296875 0.03359375 0.1328125
3 0.93203125 0.58828125 0.02421875 0.090625
3 0.96796875 0.6 0.021875 0.08984375
3 0.60234375 0.6359375 0.028125 0.07265625
0 0.571875 0.66328125 0.01015625 0.0296875