3 0.97265625 0.7875 0.03515625 0.1171875
3 0.5234375 0.93515625 0.046875 0.1296875
3 0.534375 0.69453125 0.0359375 0.1078125
3 0.98046875 0.6109375 0.02578125 0.1
3 0.44453125 0.61640625 0.02890625 0.1078125
3 0.55625 0.78984375 0.03359375 0.1328125
3 0.6796875 0.59609375 0.025 0.08984375
3 0.696875 0.64921875 0.03046875 0.096875
3 0.996875 0.73828125 0.00625 0.11328125
3 0.87109375 0.59140625 0.03125 0.1015625
0 0.659375 0.62421875 0.01953125 0.03515625
3 0.7609375 0.64453125 0.0328125 0.08359375