3 0.928125 0.79765625 0.0390625 0.12734375
3 0.73203125 0.65859375 0.02890625 0.09765625
2 0.98515625 0.67578125 0.02890625 0.1046875
3 0.93515625 0.61796875 0.02421875 0.09765625
3 0.4734375 0.93671875 0.04453125 0.12578125
3 0.66015625 0.659375 0.0265625 0.10625
3 0.39453125 0.6203125 0.03125 0.1390625
3 0.4953125 0.71484375 0.034375 0.12578125
3 0.496875 0.8140625 0.0359375 0.11875
3 0.96796875 0.7546875 0.02890625 0.12109375
3 0.85078125 0.60234375 0.03046875 0.10234375
0 0.61875 0.6359375 0.02109375 0.025
3 0.640625 0.6078125 0.02578125 0.08515625