3 0.1390625 0.1234375 0.1359375 0.0734375
3 0.30703125 0.2953125 0.103125 0.0546875
2 0.253125 0.05859375 0.075 0.059375
3 0.315625 0.08828125 0.1015625 0.0421875
3 0.0734375 0.5953125 0.1359375 0.0796875
3 0.3171875 0.36640625 0.1109375 0.0515625
3 0.39765625 0.62265625 0.1453125 0.0640625
3 0.28828125 0.53828125 0.13125 0.0625
3 0.190625 0.55234375 0.128125 0.065625
3 0.17734375 0.08125 0.0890625 0.0828125
3 0.34375 0.16953125 0.1046875 0.0484375
0 0.346875 0.40390625 0.028125 0.028125
3 0.371875 0.378125 0.0671875 0.0671875