3 0.84765625 0.9171875 0.1046875 0.1078125
3 0.4640625 0.6953125 0.0953125 0.0953125
3 0.6953125 0.72109375 0.0625 0.1046875
3 0.91796875 0.74140625 0.0625 0.109375
3 0.62890625 0.70625 0.08125 0.0828125
3 0.36953125 0.9109375 0.09375 0.146875
3 0.63515625 0.640625 0.078125 0.0765625
3 0.396875 0.59765625 0.0578125 0.103125
3 0.4515625 0.790625 0.1109375 0.1125
3 0.88046875 0.8765625 0.0625 0.078125
3 0.82265625 0.70078125 0.090625 0.0890625
1 0.92265625 0.8046875 0.0390625 0.1
0 0.60078125 0.6703125 0.028125 0.028125