3 0.0734375 0.821875 0.0609375 0.1359375
3 0.5375 0.93984375 0.065625 0.1203125
3 0.14921875 0.62421875 0.034375 0.103125
3 0.59296875 0.61640625 0.046875 0.128125
3 0.04296875 0.76640625 0.0640625 0.08125
3 0.49765625 0.8 0.0390625 0.13125
2 0.02109375 0.6921875 0.028125 0.1046875
3 0.0609375 0.63203125 0.0296875 0.096875
3 0.3375 0.66171875 0.0703125 0.06875
0 0.375 0.64140625 0.025 0.0265625
3 0.2703125 0.66640625 0.0703125 0.0703125
3 0.5 0.696875 0.0765625 0.075
3 0.35 0.61484375 0.0609375 0.0609375