3 0.0484375 0.26875 0.096875 0.096875
3 0.2484375 0.37421875 0.090625 0.090625
2 0.1171875 0.1703125 0.0875 0.0796875
3 0.1859375 0.1765625 0.096875 0.06875
3 0.13203125 0.73515625 0.1375 0.1078125
3 0.2828125 0.4375 0.09375 0.0953125
3 0.44609375 0.65078125 0.11875 0.11875
3 0.3140625 0.60859375 0.1140625 0.1140625
3 0.2265625 0.6546875 0.1140625 0.1140625
3 0.05546875 0.2140625 0.1109375 0.090625
3 0.240625 0.24296875 0.10625 0.08125
0 0.3234375 0.46171875 0.0328125 0.03125
3 0.3375 0.42890625 0.0765625 0.0765625