3 0.47421875 0.59140625 0.0421875 0.1078125
3 0.25859375 0.71796875 0.0421875 0.12734375
3 0.44375 0.53984375 0.03359375 0.09296875
2 0.2375 0.61640625 0.0390625 0.09921875
3 0.671875 0.71640625 0.0421875 0.1296875
3 0.36640625 0.50234375 0.034375 0.0859375
3 0.63515625 0.921875 0.059375 0.13671875
3 0.40625 0.47890625 0.0296875 0.0921875
3 0.33515625 0.69375 0.0375 0.11328125
3 0.62265625 0.69375 0.0375 0.1203125
3 0.2703125 0.55234375 0.025 0.09765625
3 0.134375 0.47578125 0.025 0.07578125
3 0.01171875 0.54140625 0.02265625 0.1015625
3 0.00234375 0.6 0.0046875 0.09375