3 0.6640625 0.6859375 0.0375 0.1078125
3 0.425 0.753125 0.034375 0.11796875
3 0.86875 0.82734375 0.0375 0.13359375
3 0.58828125 0.68828125 0.03359375 0.103125
3 0.9890625 0.75 0.021875 0.121875
3 0.9546875 0.6671875 0.02890625 0.1
3 0.8515625 0.64296875 0.0265625 0.09609375
3 0.321875 0.66484375 0.03671875 0.13203125
3 0.3875 0.94765625 0.0625 0.1046875
3 0.3703125 0.83671875 0.040625 0.11484375
3 0.5703125 0.63828125 0.0234375 0.08046875
2 0.89140625 0.6921875 0.02265625 0.08984375
3 0.884375 0.78203125 0.028125 0.1109375
3 0.884375 0.59296875 0.01640625 0.07421875
3 0.934375 0.596875 0.02578125 0.07734375
3 0.79375 0.63984375 0.0390625 0.08125
0 0.5453125 0.671875 0.01875 0.02578125