3 0.94296875 0.9625 0.0453125 0.075
3 0.984375 0.7796875 0.03125 0.1
3 0.7359375 0.86953125 0.040625 0.1109375
3 0.465625 0.9921875 0.0375 0.015625
3 0.84296875 0.7765625 0.0359375 0.09296875
3 0.9875 0.68046875 0.025 0.0890625
3 0.8125 0.8890625 0.0375 0.103125
3 0.46953125 0.790625 0.03984375 0.09375
3 0.3546875 0.90078125 0.04921875 0.11875
2 0.87109375 0.8921875 0.040625 0.10234375
3 0.996875 0.97734375 0.00625 0.0453125
3 0.44375 0.871875 0.04609375 0.1078125
3 0.58828125 0.74765625 0.03203125 0.08984375
3 0.53671875 0.75234375 0.028125 0.08359375