3 0.40078125 0.27265625 0.1234375 0.0921875
3 0.2390625 0.4609375 0.1234375 0.084375
3 0.35859375 0.04453125 0.1234375 0.0890625
3 0.36640625 0.340625 0.0890625 0.0890625
3 0.540625 0.02578125 0.103125 0.0515625
3 0.51875 0.12109375 0.0984375 0.065625
3 0.275 0.59140625 0.1265625 0.125
3 0.053125 0.41171875 0.10625 0.1203125
3 0.13984375 0.475 0.109375 0.109375
3 0.4046875 0.378125 0.0734375 0.0734375
2 0.49140625 0.0640625 0.0828125 0.08125
3 0.40703125 0.040625 0.0984375 0.08125
3 0.578125 0.1125 0.0734375 0.0453125
3 0.59609375 0.065625 0.071875 0.0734375
3 0.49765625 0.175 0.0859375 0.0859375
0 0.36328125 0.3859375 0.03125 0.028125