3 0.90625 0.8609375 0.0515625 0.071875
3 0.796875 0.90625 0.084375 0.1390625
3 0.5609375 0.70625 0.059375 0.1078125
3 0.91953125 0.771875 0.05625 0.1140625
3 0.39140625 0.72265625 0.0625 0.115625
3 0.3109375 0.921875 0.0875 0.0875
3 0.8328125 0.7328125 0.0765625 0.0765625
3 0.31015625 0.61171875 0.06875 0.1359375
3 0.6328125 0.71953125 0.078125 0.115625
3 0.76640625 0.7140625 0.078125 0.078125
3 0.83359375 0.86015625 0.090625 0.0921875
3 0.88671875 0.6859375 0.04375 0.096875
3 0.33046875 0.81015625 0.109375 0.10625
3 0.55390625 0.6625 0.065625 0.065625
0 0.521875 0.6796875 0.01875 0.0328125
2 0.8578125 0.79453125 0.053125 0.096875
3 0.9234375 0.7015625 0.0515625 0.08125