3 0.996875 0.753125 0.00625 0.121875
3 0.88671875 0.82265625 0.04453125 0.12734375
3 0.60859375 0.68515625 0.03046875 0.10078125
3 0.97265625 0.6625 0.028125 0.11015625
3 0.4484375 0.7421875 0.0328125 0.10859375
3 0.41875 0.9546875 0.04375 0.090625
3 0.87890625 0.6453125 0.0234375 0.096875
3 0.34296875 0.65390625 0.0296875 0.13046875
3 0.68203125 0.68125 0.04765625 0.10390625
3 0.81015625 0.64296875 0.03203125 0.08515625
3 0.9109375 0.76875 0.0328125 0.10625
3 0.9203125 0.58671875 0.01953125 0.09375
3 0.4109375 0.8421875 0.0359375 0.13046875
3 0.59140625 0.64453125 0.02578125 0.0765625
0 0.56484375 0.66875 0.01171875 0.03125
2 0.91875 0.69921875 0.03125 0.0921875
3 0.959375 0.59296875 0.028125 0.0734375