3 0.2359375 0.71640625 0.03359375 0.11953125
3 0.6171875 0.909375 0.0390625 0.15390625
3 0.07109375 0.79375 0.03984375 0.13046875
3 0.115625 0.60703125 0.0265625 0.1015625
3 0.3296875 0.6296875 0.0265625 0.11015625
2 0.1546875 0.6734375 0.02421875 0.109375
3 0.5171875 0.73203125 0.034375 0.1296875
3 0.1328125 0.7390625 0.03046875 0.11875
3 0.140625 0.61875 0.02109375 0.09453125
3 0.18515625 0.565625 0.03203125 0.078125
3 0.21640625 0.5484375 0.03046875 0.09453125
3 0.4921875 0.721875 0.03515625 0.1046875