3 0.41484375 0.60859375 0.1046875 0.1328125
3 0.771875 0.8203125 0.0921875 0.115625
3 0.5421875 0.82890625 0.13125 0.13125
2 0.63046875 0.75625 0.1015625 0.1015625
3 0.68359375 0.59765625 0.078125 0.078125
3 0.5125 0.51328125 0.0671875 0.0671875
3 0.821875 0.7421875 0.0921875 0.0921875
3 0.471875 0.784375 0.1125 0.1453125
3 0.43671875 0.5421875 0.0546875 0.071875
3 0.5328125 0.57109375 0.0921875 0.0921875
3 0.58671875 0.6484375 0.0890625 0.121875
3 0.25 0.884375 0.0953125 0.1078125
3 0.17265625 0.6375 0.115625 0.115625
3 0.209375 0.6390625 0.1203125 0.1203125