3 0.8984375 0.815625 0.03984375 0.12890625
2 0.93828125 0.69296875 0.0296875 0.10859375
3 0.46171875 0.734375 0.03203125 0.11484375
3 0.98359375 0.65078125 0.02578125 0.11015625
3 0.8953125 0.63359375 0.025 0.10390625
3 0.8203125 0.63203125 0.02890625 0.09375
3 0.62265625 0.6828125 0.034375 0.10546875
3 0.43515625 0.95 0.04609375 0.1
3 0.3546875 0.65625 0.025 0.1125
3 0.69453125 0.675 0.02890625 0.0984375
3 0.44375 0.83359375 0.03515625 0.13203125
3 0.9234375 0.7640625 0.021875 0.0984375
3 0.6046875 0.62890625 0.021875 0.09921875
0 0.5796875 0.6578125 0.00859375 0.021875