3 0.3328125 0.3171875 0.0421875 0.109375
3 0.5703125 0.2453125 0.0484375 0.1203125
3 0.12578125 0.17890625 0.040625 0.1328125
3 0.40859375 0.31328125 0.040625 0.1046875
3 0.009375 0.2578125 0.01875 0.121875
3 0.0421875 0.340625 0.0734375 0.0734375
3 0.14609375 0.36328125 0.0328125 0.0953125
3 0.675 0.33203125 0.0859375 0.0875
3 0.6046875 0.05234375 0.06875 0.1046875
3 0.6234375 0.1609375 0.0515625 0.11875
3 0.42734375 0.36328125 0.0234375 0.0796875
2 0.10546875 0.31484375 0.0625 0.0609375
3 0.1109375 0.225 0.0421875 0.1125
3 0.1140625 0.4140625 0.0484375 0.05
3 0.0640625 0.4109375 0.0578125 0.0578125
3 0.20390625 0.365625 0.0453125 0.0828125
0 0.4515625 0.32890625 0.021875 0.021875