3 0.73984375 0.48203125 0.11875 0.0515625
3 0.7703125 0.92890625 0.1328125 0.0671875
3 0.6015625 0.971875 0.078125 0.05625
3 0.67109375 0.63515625 0.1171875 0.0609375
3 0.59296875 0.8296875 0.10625 0.046875
3 0.953125 0.4796875 0.09375 0.0625
3 0.5875 0.9 0.0765625 0.0765625
2 0.64296875 0.94765625 0.1140625 0.05
3 0.675 0.36875 0.125 0.0453125
3 0.65546875 0.7078125 0.0734375 0.0765625
3 0.7203125 0.946875 0.1328125 0.065625
3 0.84921875 0.46796875 0.0953125 0.0953125
3 0.53515625 0.93984375 0.0671875 0.0671875
3 0.5421875 0.97109375 0.06875 0.0578125
3 0.62265625 0.61796875 0.078125 0.0453125
0 0.653125 0.59140625 0.021875 0.0203125