3 0.453125 0.94140625 0.078125 0.1171875
3 0.7578125 0.73984375 0.103125 0.103125
3 0.88203125 0.79765625 0.0828125 0.14375
3 0.71640625 0.6546875 0.13125 0.1328125
3 0.7296875 0.91328125 0.11875 0.11875
3 0.49609375 0.78046875 0.1140625 0.1125
3 0.58125 0.8390625 0.1140625 0.1140625
3 0.6125 0.95546875 0.075 0.0890625
3 0.68671875 0.99453125 0.0515625 0.0109375
3 0.9140625 0.95625 0.0625 0.0875
3 0.21171875 0.01640625 0.0734375 0.0328125
2 0.921875 0.9890625 0.028125 0.021875
0 0.8390625 0.69609375 0.0421875 0.0703125