3 0.2140625 0.88515625 0.04140625 0.11328125
3 0.63515625 0.9890625 0.04375 0.021875
3 0.1609375 0.85546875 0.04453125 0.11171875
3 0.2171875 0.9765625 0.04453125 0.04609375
3 0.35234375 0.91640625 0.04609375 0.1140625
3 0.44609375 0.94140625 0.05546875 0.11640625
3 0.12734375 0.915625 0.0421875 0.10625
3 0.53359375 0.93828125 0.0453125 0.11953125
3 0.81328125 0.99140625 0.04375 0.01640625
3 0.76171875 0.978125 0.0640625 0.04375
3 0.403125 0.82265625 0.04375 0.1125
1 0.52265625 0.8609375 0.04609375 0.128125
2 0.03125 0.94609375 0.0625 0.10703125