3 0.4671875 0.978125 0.053125 0.04375
3 0.19453125 0.8390625 0.04453125 0.11015625
3 0.653125 0.9703125 0.05390625 0.059375
3 0.26640625 0.92421875 0.059375 0.09921875
3 0.45078125 0.9015625 0.04609375 0.09765625
3 0.26640625 0.99140625 0.04921875 0.01640625
2 0.0375 0.9421875 0.053125 0.115625
3 0.34375 0.909375 0.04765625 0.09921875
1 0.565625 0.8859375 0.04453125 0.08046875
3 0.0953125 0.8328125 0.04765625 0.121875
3 0.08359375 0.88203125 0.0421875 0.10078125
3 0.31640625 0.84921875 0.04375 0.10234375