3 0.26953125 0.47421875 0.0703125 0.17109375
3 0.3125 0.06171875 0.05625 0.1234375
3 0.1671875 0.1265625 0.05625 0.13359375
3 0.1015625 0.00703125 0.053125 0.0140625
3 0.1296875 0.29453125 0.0609375 0.14375
3 0.5328125 0.1109375 0.06484375 0.13828125
2 0.02578125 0.040625 0.04765625 0.08125
3 0.45234375 0.3453125 0.05703125 0.1375
3 0.00390625 0.11953125 0.00703125 0.14296875
3 0.4453125 0.20078125 0.05078125 0.14140625
3 0.28515625 0.02578125 0.04296875 0.0515625
3 0.18359375 0.28203125 0.0515625 0.15234375