3 0.4859375 0.05546875 0.06328125 0.1109375
3 0.21171875 0.2984375 0.05234375 0.1234375
3 0.0546875 0.00703125 0.053125 0.0140625
3 0.08046875 0.25859375 0.0609375 0.13515625
3 0.2640625 0.37734375 0.059375 0.159375
3 0.21484375 0.12265625 0.06015625 0.13125
3 0.46484375 0.221875 0.05234375 0.1421875
3 0.37265625 0.17578125 0.0546875 0.1328125
3 0.3234375 0.0515625 0.053125 0.103125
3 0.24453125 0.01953125 0.04453125 0.0390625
3 0.0109375 0.10625 0.021875 0.14296875
3 0.8546875 0.959375 0.04453125 0.08125
2 0.00703125 0.0421875 0.0140625 0.084375
0 0.13671875 0.353125 0.02578125 0.06484375