3 0.153125 0.578125 0.0734375 0.0734375
3 0.225 0.65390625 0.06875 0.0984375
3 0.1453125 0.7765625 0.1109375 0.1109375
3 0.08984375 0.62578125 0.0859375 0.1140625
3 0.2765625 0.5984375 0.071875 0.071875
3 0.39375 0.7765625 0.0984375 0.0984375
3 0.43359375 0.77421875 0.1 0.1
3 0.03046875 0.53515625 0.0578125 0.084375
2 0.25 0.77578125 0.10625 0.1046875
3 0.3109375 0.69453125 0.0828125 0.0828125
3 0.653125 0.94453125 0.103125 0.1109375
3 0.528125 0.9234375 0.125 0.125
3 0.53203125 0.77890625 0.0796875 0.1078125
3 0.45625 0.9546875 0.075 0.090625