3 0.89609375 0.18359375 0.1046875 0.103125
3 0.55078125 0.115625 0.090625 0.121875
3 0.67890625 0.134375 0.1140625 0.1140625
3 0.77890625 0.22109375 0.1046875 0.1046875
3 0.35 0.1203125 0.1015625 0.103125
3 0.55390625 0.31640625 0.06875 0.0921875
3 0.38203125 0.17109375 0.0734375 0.1046875
3 0.36484375 0.23359375 0.0578125 0.078125
3 0.61640625 0.1890625 0.090625 0.090625
3 0.69140625 0.25703125 0.0921875 0.090625
2 0.7515625 0.109375 0.096875 0.0953125
3 0.54453125 0.2453125 0.0875 0.0875
3 0.61953125 0.2875 0.084375 0.109375
3 0.37421875 0.02265625 0.0953125 0.0453125
2 0.4453125 0.38046875 0.0578125 0.05625