3 0.953125 0.65859375 0.053125 0.040625
3 0.8515625 0.7171875 0.115625 0.0625
3 0.83125 0.55546875 0.1265625 0.065625
3 0.7546875 0.565625 0.109375 0.05
3 0.69296875 0.5765625 0.065625 0.065625
3 0.55390625 0.61328125 0.0953125 0.0515625
3 0.51171875 0.66796875 0.071875 0.04375
3 0.46953125 0.83203125 0.0921875 0.0453125
3 0.596875 0.8703125 0.1046875 0.0546875
3 0.746875 0.9453125 0.0859375 0.0859375
3 0.53515625 0.9765625 0.1015625 0.046875
3 0.38046875 0.9515625 0.06875 0.0375
2 0.71015625 0.81484375 0.084375 0.084375