3 0.06328125 0.7390625 0.03984375 0.103125
3 0.21875 0.75078125 0.03671875 0.09765625
2 0.25 0.8796875 0.04609375 0.12265625
3 0.40390625 0.828125 0.0390625 0.1171875
3 0.1265625 0.778125 0.04296875 0.0875
3 0.14765625 0.87265625 0.04921875 0.12890625
3 0.74453125 0.8578125 0.03984375 0.11328125
3 0.334375 0.78046875 0.03515625 0.10390625
3 0.48125 0.79140625 0.04140625 0.10078125
3 0.51484375 0.78671875 0.03984375 0.09453125
3 0.63828125 0.94921875 0.04921875 0.1015625
3 0.32265625 0.72265625 0.0375 0.08125
3 0.7546875 0.95 0.04921875 0.1
3 0.55078125 0.971875 0.08046875 0.05546875
3 0.02265625 0.7140625 0.04453125 0.128125