3 0.12890625 0.70625 0.0484375 0.0796875
3 0.8328125 0.728125 0.0953125 0.0953125
3 0.23828125 0.79375 0.075 0.075
3 0.1171875 0.81953125 0.053125 0.084375
3 0.27578125 0.69453125 0.0484375 0.08125
3 0.52578125 0.5390625 0.04375 0.0765625
3 0.2328125 0.9703125 0.065625 0.059375
3 0.415625 0.75546875 0.078125 0.0765625
3 0.13359375 0.61015625 0.0703125 0.06875
3 0.29609375 0.64296875 0.0453125 0.0734375
0 0.4875 0.5703125 0.028125 0.0375
3 0.25703125 0.55078125 0.0578125 0.0578125
1 0.9390625 0.54140625 0.0796875 0.0796875