3 0.26640625 0.95 0.05390625 0.1
3 0.61015625 0.871875 0.0421875 0.1125
3 0.48515625 0.90703125 0.03828125 0.115625
3 0.35859375 0.86796875 0.040625 0.10625
3 0.79140625 0.7859375 0.034375 0.10703125
3 0.52578125 0.68984375 0.03203125 0.08046875
3 0.74140625 0.75234375 0.0328125 0.096875
3 0.73203125 0.68828125 0.0265625 0.06796875
3 0.5203125 0.83125 0.03203125 0.09453125
3 0.42421875 0.8 0.03359375 0.1
2 0.42890625 0.959375 0.05703125 0.08125
3 0.56328125 0.75078125 0.0296875 0.08984375
1 0.0109375 0.796875 0.021875 0.1203125
3 0.47734375 0.74296875 0.0375 0.09609375
3 0.82890625 0.92890625 0.040625 0.13984375
2 0.5984375 0.58671875 0.0203125 0.06328125