3 0.08046875 0.5671875 0.021875 0.07421875
3 0.73515625 0.828125 0.03515625 0.1015625
3 0.153125 0.68671875 0.01953125 0.08671875
3 0.03125 0.66953125 0.0234375 0.078125
3 0.22265625 0.60625 0.0234375 0.07734375
3 0.5109375 0.5453125 0.01796875 0.07578125
3 0.07890625 0.878125 0.02265625 0.1109375
3 0.33359375 0.7109375 0.02421875 0.09765625
3 0.11796875 0.478125 0.02421875 0.0796875
3 0.259375 0.56484375 0.01953125 0.0703125
0 0.4640625 0.56171875 0.0140625 0.03203125
3 0.25390625 0.46484375 0.01796875 0.06640625
1 0.8984375 0.6890625 0.02890625 0.0921875