3 0.06171875 0.846875 0.03828125 0.1046875
3 0.20546875 0.70703125 0.028125 0.07890625
3 0.16796875 0.74765625 0.0359375 0.09375
3 0.246875 0.7796875 0.0359375 0.09921875
3 0.4765625 0.8328125 0.0359375 0.09765625
3 0.00390625 0.6859375 0.0078125 0.11875
3 0.0625 0.71953125 0.03046875 0.08828125
3 0.0234375 0.8078125 0.0328125 0.0890625
3 0.41484375 0.91953125 0.04609375 0.121875
3 0.0328125 0.81484375 0.03671875 0.08671875
3 0.26171875 0.92578125 0.04375 0.11953125
3 0.2890625 0.85625 0.0453125 0.09140625