3 0.81796875 0.1171875 0.1140625 0.0671875
3 0.8 0.271875 0.1046875 0.059375
2 0.9203125 0.32734375 0.10625 0.10625
3 0.840625 0.46796875 0.0953125 0.096875
3 0.84453125 0.18671875 0.09375 0.059375
3 0.93046875 0.22421875 0.1390625 0.0859375
3 0.8046875 0.80859375 0.0875 0.0890625
3 0.80703125 0.390625 0.0859375 0.084375
3 0.78984375 0.5375 0.090625 0.090625
3 0.77890625 0.56953125 0.1015625 0.0625
3 0.91484375 0.72109375 0.096875 0.096875
3 0.75234375 0.36875 0.090625 0.0609375
3 0.8921875 0.83515625 0.1109375 0.0765625
3 0.94921875 0.6375 0.078125 0.084375
3 0.8 0.07265625 0.1359375 0.0703125