3 0.50703125 0.6734375 0.0625 0.121875
3 0.36640625 0.85859375 0.08125 0.15
3 0.44765625 0.7109375 0.06875 0.11875
3 0.778125 0.46328125 0.0578125 0.0578125
3 0.68046875 0.59765625 0.0453125 0.09375
3 0.75 0.565625 0.0421875 0.090625
3 0.915625 0.46484375 0.065625 0.065625
3 0.4859375 0.903125 0.1203125 0.1203125
3 0.98671875 0.45390625 0.0265625 0.0421875
3 0.63203125 0.575 0.05 0.096875
3 0.71171875 0.50625 0.0578125 0.059375
3 0.4390625 0.6140625 0.046875 0.096875
2 0.51953125 0.49140625 0.0390625 0.0828125
3 0.74375 0.57890625 0.06875 0.071875
0 0.9625 0.45859375 0.021875 0.0484375