3 0.559375 0.95 0.03359375 0.1
3 0.68125 0.83359375 0.02734375 0.0921875
3 0.56015625 0.7125 0.0203125 0.08828125
3 0.9171875 0.7328125 0.021875 0.08046875
3 0.546875 0.79296875 0.021875 0.08671875
3 0.58046875 0.63359375 0.01953125 0.071875
3 0.65625 0.5734375 0.021875 0.06875
3 0.87109375 0.52734375 0.02421875 0.08046875
3 0.915625 0.94921875 0.025 0.1015625
3 0.8875 0.64453125 0.01796875 0.07265625
1 0.03203125 0.7859375 0.03359375 0.11484375
2 0.78359375 0.74140625 0.02109375 0.0859375
3 0.70625 0.51875 0.02265625 0.0609375
3 0.67734375 0.53671875 0.01640625 0.0578125