3 0.34296875 0.7296875 0.109375 0.05625
3 0.490625 0.42109375 0.1015625 0.04375
3 0.33984375 0.03046875 0.0859375 0.0609375
3 0.371875 0.221875 0.103125 0.053125
3 0.08984375 0.653125 0.1 0.1
3 0.24296875 0.63828125 0.1203125 0.1203125
3 0.34921875 0.390625 0.0828125 0.0828125
3 0.14375 0.36640625 0.115625 0.1171875
3 0.49453125 0.19296875 0.0765625 0.0359375
2 0.46640625 0.71171875 0.0703125 0.06875
3 0.3640625 0.45390625 0.0703125 0.071875
3 0.51328125 0.08046875 0.1015625 0.0453125
3 0.378125 0.00234375 0.09375 0.0046875
3 0.46875 0.4515625 0.0703125 0.071875
0 0.321875 0.003125 0.025 0.00625