3 0.26015625 0.640625 0.03984375 0.103125
3 0.578125 0.51484375 0.03515625 0.09921875
3 0.97265625 0.69296875 0.05390625 0.10390625
3 0.76875 0.646875 0.0453125 0.0984375
3 0.31875 0.8984375 0.04921875 0.13828125
3 0.34375 0.746875 0.05234375 0.15234375
3 0.5984375 0.6578125 0.04140625 0.1015625
3 0.60859375 0.86484375 0.0546875 0.14140625
3 0.80625 0.5265625 0.0265625 0.0734375
2 0.28671875 0.51875 0.0375 0.0796875
3 0.53671875 0.6390625 0.03125 0.090625
3 0.91953125 0.51640625 0.02734375 0.09609375
3 0.9953125 0.65625 0.009375 0.09375
3 0.54609375 0.534375 0.03046875 0.09453125
0 0.99453125 0.71328125 0.01015625 0.03359375