3 0.19765625 0.68671875 0.03203125 0.0828125
3 0.28984375 0.73515625 0.03515625 0.08671875
3 0.2546875 0.8765625 0.05703125 0.1171875
3 0.153125 0.75234375 0.04765625 0.0984375
3 0.3203125 0.665625 0.03515625 0.0703125
3 0.48984375 0.79609375 0.04453125 0.1015625
3 0.5265625 0.78125 0.03828125 0.10546875
3 0.0671875 0.6859375 0.0328125 0.0796875
2 0.353125 0.8421875 0.0453125 0.10859375
3 0.02890625 0.7421875 0.04296875 0.09140625
3 0.384375 0.7453125 0.0296875 0.08984375
3 0.79453125 0.88359375 0.05703125 0.11875
3 0.66484375 0.89140625 0.059375 0.1234375
3 0.62109375 0.753125 0.0453125 0.0953125
3 0.61015625 0.9515625 0.04296875 0.09609375