3 0.4828125 0.67265625 0.04453125 0.115625
3 0.31796875 0.83671875 0.053125 0.1390625
3 0.41875 0.7015625 0.04140625 0.109375
3 0.9953125 0.74921875 0.009375 0.1203125
3 0.78046875 0.50234375 0.02578125 0.078125
3 0.66484375 0.621875 0.03359375 0.08984375
3 0.73828125 0.6 0.03046875 0.08671875
3 0.91640625 0.52265625 0.034375 0.07734375
3 0.4296875 0.896875 0.05390625 0.13828125
3 0.99921875 0.5234375 0.00078125 0.0796875
3 0.6203125 0.59296875 0.03046875 0.090625
3 0.70859375 0.5359375 0.025 0.07578125
3 0.4234375 0.6046875 0.0296875 0.09375
2 0.5203125 0.49453125 0.028125 0.07890625
3 0.73046875 0.61171875 0.03203125 0.08671875
0 0.9640625 0.5234375 0.01328125 0.04609375