3 0.3578125 0.78515625 0.0390625 0.109375
3 0.2546875 0.7765625 0.0484375 0.1140625
3 0.11015625 0.7109375 0.0359375 0.08828125
3 0.06328125 0.75859375 0.04765625 0.1125
3 0.78984375 0.940625 0.04921875 0.11875
3 0.69921875 0.8296875 0.04375 0.109375
2 0.31875 0.884375 0.05546875 0.1203125
3 0.215625 0.88046875 0.04140625 0.12734375
3 0.57265625 0.975 0.07578125 0.05
3 0.47265625 0.83515625 0.0453125 0.121875
3 0.02890625 0.696875 0.03828125 0.08671875
3 0.67421875 0.94140625 0.05 0.11640625
3 0.453125 0.7390625 0.040625 0.10234375