3 0.7796875 0.65234375 0.084375 0.084375
3 0.76796875 0.7546875 0.1203125 0.0609375
3 0.696875 0.896875 0.0921875 0.04375
3 0.74296875 0.9453125 0.0828125 0.0828125
3 0.95078125 0.22578125 0.09375 0.0921875
3 0.83671875 0.3125 0.08125 0.0796875
2 0.878125 0.69453125 0.1234375 0.0640625
3 0.8703125 0.79765625 0.0921875 0.09375
3 0.97421875 0.44453125 0.0515625 0.0796875
3 0.834375 0.5390625 0.1234375 0.05
3 0.67890625 0.97109375 0.0703125 0.0578125
3 0.946875 0.34140625 0.0921875 0.0921875
3 0.7375 0.55546875 0.1046875 0.046875