3 0.2984375 0.31875 0.103125 0.1015625
3 0.0359375 0.6671875 0.071875 0.128125
3 0.2984375 0.059375 0.134375 0.09375
3 0.13515625 0.77890625 0.1203125 0.0921875
3 0.27734375 0.80703125 0.0984375 0.0765625
3 0.1859375 0.0546875 0.084375 0.084375
3 0.46171875 0.3453125 0.0921875 0.071875
3 0.30078125 0.2359375 0.10625 0.10625
3 0.475 0.25625 0.0890625 0.0625
2 0.25234375 0.671875 0.09375 0.0671875
3 0.19765625 0.63046875 0.1078125 0.078125
3 0.09453125 0.86015625 0.0828125 0.046875
3 0.3796875 0.5 0.09375 0.0671875