3 0.36171875 0.40546875 0.0546875 0.1
3 0.396875 0.2875 0.103125 0.1015625
3 0.34140625 0.15546875 0.0828125 0.14375
3 0.44609375 0.31171875 0.059375 0.128125
3 0.534375 0.12890625 0.0796875 0.1421875
2 0.42734375 0.50859375 0.0609375 0.0609375
3 0.93359375 0.42890625 0.0671875 0.065625
3 0.6734375 0.33828125 0.078125 0.075
3 0.7859375 0.32890625 0.059375 0.1078125
3 0.6265625 0.38125 0.06875 0.06875
3 0.68984375 0.45859375 0.0546875 0.084375
3 0.98046875 0.403125 0.028125 0.059375
3 0.67890625 0.44765625 0.06875 0.06875
3 0.9234375 0.4453125 0.0671875 0.0671875