3 0.41640625 0.7578125 0.03984375 0.10859375
3 0.853125 0.88125 0.053125 0.12578125
3 0.1796875 0.86328125 0.04453125 0.12578125
3 0.903125 0.71953125 0.04296875 0.10546875
3 0.87109375 0.578125 0.04453125 0.08828125
3 0.02421875 0.74140625 0.04765625 0.1203125
3 0.22265625 0.9703125 0.06015625 0.059375
3 0.37421875 0.59765625 0.03203125 0.0796875
3 0.33984375 0.7890625 0.03984375 0.11640625
3 0.01015625 0.87421875 0.01953125 0.10703125
3 0.2875 0.621875 0.0296875 0.08359375
2 0.7578125 0.65625 0.03046875 0.0875
3 0.7421875 0.7234375 0.0375 0.1
3 0.99453125 0.725 0.01015625 0.08671875
3 0.54921875 0.61015625 0.03359375 0.084375