3 0.21875 0.66328125 0.04375 0.10546875
3 0.31875 0.7890625 0.04609375 0.125
3 0.53828125 0.54921875 0.028125 0.08359375
3 0.31640625 0.93046875 0.04453125 0.1390625
3 0.71640625 0.85078125 0.05078125 0.12734375
3 0.959375 0.5265625 0.02578125 0.065625
3 0.740625 0.553125 0.02890625 0.08046875
3 0.47578125 0.56640625 0.0328125 0.090625
3 0.26171875 0.7609375 0.03984375 0.12578125
3 0.98046875 0.71953125 0.03828125 0.109375
3 0.48671875 0.684375 0.03984375 0.10546875
3 0.5640625 0.6859375 0.034375 0.09609375
3 0.921875 0.54609375 0.03515625 0.07890625
3 0.8015625 0.66953125 0.034375 0.1
2 0.9671875 0.6265625 0.0328125 0.0953125
1 0.21484375 0.54375 0.02890625 0.0828125