3 0.54296875 0.11484375 0.103125 0.103125
3 0.39140625 0.14765625 0.071875 0.1015625
3 0.459375 0.30234375 0.053125 0.0890625
3 0.25703125 0.19453125 0.0484375 0.071875
3 0.4765625 0.2515625 0.05 0.075
3 0.384375 0.34609375 0.05 0.075
3 0.34609375 0.37109375 0.05 0.075
3 0.06328125 0.31328125 0.06875 0.071875
3 0.2546875 0.02109375 0.071875 0.0421875
3 0.1015625 0.215625 0.0578125 0.0609375
1 0.9578125 0.41953125 0.08125 0.121875
2 0.28046875 0.20078125 0.0625 0.090625
3 0.19296875 0.37578125 0.05 0.06875
3 0.2328125 0.38203125 0.040625 0.0609375