3 0.2234375 0.328125 0.11875 0.0953125
3 0.159375 0.47578125 0.11875 0.11875
3 0.47421875 0.55703125 0.078125 0.078125
3 0.05 0.5390625 0.1 0.134375
3 0.2921875 0.85546875 0.125 0.125
3 0.6921875 0.91796875 0.0703125 0.053125
3 0.56640625 0.7375 0.084375 0.0625
3 0.4296875 0.51015625 0.090625 0.090625
3 0.1578125 0.4125 0.134375 0.1
3 0.53046875 0.9890625 0.1203125 0.021875
3 0.33125 0.575 0.11875 0.09375
3 0.365625 0.64375 0.09375 0.09375
3 0.65703125 0.89375 0.0921875 0.075
3 0.4921875 0.84609375 0.1046875 0.0765625
2 0.6078125 0.96171875 0.09375 0.0765625
1 0.32734375 0.26875 0.0859375 0.0640625