3 0.26640625 0.05 0.0796875 0.08125
3 0.61015625 0.128125 0.04375 0.1125
3 0.48515625 0.09296875 0.0453125 0.1171875
3 0.35859375 0.13203125 0.0796875 0.0796875
3 0.79140625 0.2140625 0.0765625 0.078125
3 0.52578125 0.31015625 0.0390625 0.0828125
3 0.74140625 0.24765625 0.0359375 0.0984375
3 0.73203125 0.31171875 0.028125 0.0671875
3 0.5203125 0.16875 0.06875 0.06875
3 0.42421875 0.2 0.0734375 0.071875
2 0.42890625 0.040625 0.0703125 0.06875
3 0.56328125 0.24921875 0.0359375 0.0921875
1 0.0125 0.20390625 0.025 0.1203125
3 0.47734375 0.25703125 0.0671875 0.0671875
3 0.82890625 0.07109375 0.0984375 0.0984375
2 0.5984375 0.41328125 0.046875 0.0484375