3 0.77109375 0.490625 0.121875 0.078125
3 0.76953125 0.94453125 0.1390625 0.0921875
3 0.93359375 0.29140625 0.1328125 0.0890625
3 0.6 0.94765625 0.11875 0.08125
3 0.47265625 0.878125 0.084375 0.0828125
3 0.8625 0.11171875 0.1328125 0.084375
3 0.62890625 0.40625 0.0875 0.05625
3 0.821875 0.42578125 0.1296875 0.0859375
3 0.97734375 0.1421875 0.0453125 0.05625
3 0.67578125 0.3296875 0.0890625 0.053125
2 0.57890625 0.790625 0.0734375 0.0734375
3 0.64765625 0.79453125 0.1125 0.0734375
3 0.5921875 0.57734375 0.0921875 0.0578125