3 0.2609375 0.2375 0.075 0.075
3 0.3625 0.21640625 0.075 0.075
3 0.36796875 0.0703125 0.0890625 0.128125
3 0.2359375 0.16171875 0.1 0.0984375
3 0.37265625 0.29140625 0.0703125 0.0703125
3 0.571875 0.2125 0.0953125 0.0953125
3 0.603125 0.23671875 0.1 0.096875
3 0.13515625 0.20234375 0.0578125 0.0890625
2 0.453125 0.13046875 0.0828125 0.1234375
3 0.1140625 0.1375 0.075 0.1046875
3 0.45625 0.23203125 0.0640625 0.0984375
3 0.8890625 0.2125 0.121875 0.121875
3 0.76640625 0.16953125 0.103125 0.1421875
3 0.6859375 0.28984375 0.0765625 0.1078125
3 0.73046875 0.09609375 0.0859375 0.0859375