3 0.4421875 0.80625 0.04609375 0.1
3 0.3375 0.77734375 0.0359375 0.0875
3 0.09296875 0.88515625 0.0515625 0.11875
3 0.32265625 0.84296875 0.04921875 0.10625
3 0.46484375 0.76171875 0.0328125 0.09140625
3 0.16328125 0.75546875 0.0359375 0.09609375
3 0.08984375 0.73671875 0.0328125 0.103125
3 0.65078125 0.9609375 0.05703125 0.078125
3 0.7671875 0.9046875 0.04375 0.12265625
3 0.009375 0.70078125 0.01875 0.09453125
3 0.70078125 0.9515625 0.046875 0.09609375
3 0.53359375 0.96953125 0.05390625 0.0609375
2 0.18828125 0.90390625 0.04921875 0.12734375
3 0.10859375 0.790625 0.03359375 0.0875
2 0.1890625 0.578125 0.02578125 0.065625
3 0.27734375 0.73046875 0.0375 0.096875