3 0.4703125 0.1140625 0.1 0.1
3 0.6203125 0.1515625 0.08125 0.0828125
3 0.54765625 0.30390625 0.0734375 0.0734375
3 0.75390625 0.203125 0.0609375 0.0609375
3 0.53203125 0.25234375 0.0484375 0.075
3 0.6203125 0.35 0.0625 0.0640625
3 0.65859375 0.3765625 0.0515625 0.075
3 0.94765625 0.325 0.0515625 0.084375
3 0.7625 0.01796875 0.090625 0.0359375
3 0.9078125 0.22890625 0.0578125 0.0609375
1 0.04765625 0.403125 0.0953125 0.1
2 0.7296875 0.20859375 0.0734375 0.0734375
3 0.8109375 0.38671875 0.0578125 0.0578125
3 0.77109375 0.39140625 0.0515625 0.0515625