3 0.240625 0.59765625 0.0671875 0.06875
3 0.27265625 0.50390625 0.075 0.071875
3 0.090625 0.48984375 0.09375 0.09375
3 0.1890625 0.36953125 0.1125 0.06875
3 0.1703125 0.52890625 0.09375 0.0515625
3 0.103125 0.2421875 0.1328125 0.0921875
3 0.1125 0.5828125 0.115625 0.065625
3 0.16015625 0.78515625 0.075 0.071875
3 0.25234375 0.7484375 0.0625 0.0609375
2 0.0546875 0.41640625 0.0875 0.0875
3 0.04375 0.7796875 0.0875 0.075
3 0.20234375 0.72734375 0.09375 0.05625
3 0.3 0.546875 0.09375 0.059375
3 0.0578125 0.8796875 0.115625 0.071875
3 0.21015625 0.41484375 0.1046875 0.10625
1 0.30625 0.05703125 0.084375 0.0828125