3 0.10078125 0.82578125 0.0625 0.1140625
3 0.50234375 0.78046875 0.08125 0.08125
3 0.29296875 0.91796875 0.065625 0.134375
3 0.37734375 0.9921875 0.0578125 0.015625
3 0.2421875 0.60859375 0.04375 0.071875
3 0.465625 0.63984375 0.0609375 0.0625
3 0.4328125 0.84921875 0.0546875 0.1203125
3 0.0640625 0.9390625 0.04375 0.121875
3 0.33671875 0.66328125 0.0421875 0.0875
3 0.82734375 0.703125 0.05625 0.10625
3 0.58515625 0.63125 0.0578125 0.0984375
2 0.78984375 0.6390625 0.075 0.0734375
3 0.90234375 0.565625 0.071875 0.0703125