3 0.45625 0.28671875 0.03125 0.08125
3 0.34375 0.2234375 0.0765625 0.0765625
3 0.17421875 0.290625 0.0703125 0.0703125
3 0.075 0.29609375 0.0609375 0.0609375
3 0.253125 0.12890625 0.0640625 0.1171875
3 0.5859375 0.025 0.0625 0.0484375
3 0.42890625 0.2140625 0.0625 0.0640625
3 0.25546875 0.2296875 0.04375 0.096875
3 0.68203125 0.0671875 0.09375 0.0953125
3 0.65703125 0.21875 0.04375 0.0984375
3 0.80546875 0.090625 0.0640625 0.125
3 0.08125 0.2140625 0.0390625 0.0859375
3 0.0296875 0.2390625 0.0515625 0.071875
2 0.365625 0.12421875 0.0828125 0.0796875
3 0.5109375 0.178125 0.09375 0.0953125
3 0.490625 0.18671875 0.0640625 0.1375