3 0.56171875 0.97734375 0.0296875 0.0453125
3 0.6390625 0.8890625 0.0328125 0.109375
3 0.48515625 0.83515625 0.03125 0.11953125
3 0.5109375 0.7625 0.02890625 0.1046875
3 0.53515625 0.7046875 0.021875 0.0828125
3 0.59921875 0.5765625 0.02578125 0.090625
3 0.66171875 0.54609375 0.025 0.06796875
3 0.83125 0.5390625 0.025 0.0875
3 0.8421875 0.671875 0.03046875 0.1
3 0.884375 0.834375 0.02890625 0.10703125
3 0.96328125 0.634375 0.0328125 0.09765625
3 0.96640625 0.4765625 0.0234375 0.065625
2 0.7640625 0.77109375 0.0328125 0.10078125