3 0.5828125 0.94609375 0.075 0.078125
3 0.6984375 0.8234375 0.065625 0.0671875
3 0.57109375 0.709375 0.028125 0.0890625
3 0.92890625 0.7109375 0.0265625 0.0828125
3 0.5625 0.78984375 0.0625 0.0609375
3 0.5875 0.62890625 0.0515625 0.0515625
3 0.66015625 0.56484375 0.025 0.0703125
3 0.871875 0.5078125 0.0609375 0.0609375
3 0.93828125 0.92578125 0.0359375 0.1046875
3 0.89453125 0.62421875 0.028125 0.075
1 0.05078125 0.80859375 0.075 0.08125
2 0.79609375 0.7265625 0.025 0.0875
3 0.70703125 0.5078125 0.0453125 0.0421875
3 0.67890625 0.52734375 0.0234375 0.059375