3 0.13125 0.81015625 0.034375 0.09375
3 0.228125 0.840625 0.04140625 0.1109375
3 0.3140625 0.771875 0.03203125 0.1
3 0.021875 0.7578125 0.03984375 0.09765625
3 0.10390625 0.73359375 0.0296875 0.0765625
3 0.365625 0.7328125 0.0328125 0.08359375
3 0.0609375 0.6921875 0.04453125 0.11484375
3 0.67890625 0.878125 0.04140625 0.1140625
3 0.21953125 0.73046875 0.028125 0.0875
2 0.08671875 0.9125 0.0390625 0.11953125
3 0.528125 0.909375 0.03984375 0.1203125
3 0.44453125 0.953125 0.0640625 0.09375
3 0.4015625 0.79765625 0.03671875 0.1015625
3 0.565625 0.94453125 0.04765625 0.1109375