3 0.03046875 0.6265625 0.0609375 0.0875
3 0.16640625 0.675 0.090625 0.0890625
2 0.165625 0.8078125 0.1015625 0.1015625
3 0.32734375 0.7953125 0.071875 0.1265625
3 0.0703125 0.6796875 0.0796875 0.0796875
3 0.06796875 0.7765625 0.084375 0.1390625
3 0.65078125 0.90625 0.0921875 0.090625
3 0.27109375 0.73203125 0.0875 0.0890625
3 0.4109375 0.778125 0.0703125 0.1125
3 0.4453125 0.78203125 0.0890625 0.0890625
3 0.525 0.96015625 0.1 0.0796875
3 0.27421875 0.6734375 0.0640625 0.090625
3 0.6375 0.9765625 0.090625 0.046875
3 0.434375 0.9625 0.084375 0.075
3 0.01328125 0.59296875 0.0265625 0.1390625