3 0.690625 0.76328125 0.0890625 0.11875
3 0.54765625 0.8375 0.115625 0.115625
3 0.4453125 0.5296875 0.0765625 0.0765625
3 0.4921875 0.953125 0.121875 0.09375
3 0.159375 0.7328125 0.0984375 0.1359375
3 0.06953125 0.3375 0.0546875 0.0734375
3 0.25859375 0.45078125 0.0609375 0.0875
3 0.4953125 0.5703125 0.084375 0.084375
3 0.61171875 0.83515625 0.0890625 0.13125
3 0.01015625 0.50625 0.0203125 0.121875
3 0.4375 0.67421875 0.1 0.1
3 0.365625 0.64375 0.0953125 0.0953125
3 0.09609375 0.3703125 0.0671875 0.0875
3 0.15546875 0.53203125 0.078125 0.109375
2 0.03125 0.425 0.0625 0.109375
1 0.74296875 0.65625 0.0671875 0.0921875