3 0.734375 0.92109375 0.1 0.0546875
3 0.7828125 0.83203125 0.0984375 0.0984375
3 0.73125 0.734375 0.08125 0.084375
3 0.66015625 0.99296875 0.1046875 0.0140625
3 0.65390625 0.93359375 0.0671875 0.0671875
3 0.703125 0.6765625 0.09375 0.05625
3 0.60390625 0.959375 0.0953125 0.08125
3 0.90546875 0.396875 0.1234375 0.0703125
3 0.67265625 0.81953125 0.090625 0.04375
2 0.82578125 0.96796875 0.0953125 0.0640625
3 0.90703125 0.55078125 0.1296875 0.075
3 0.934375 0.640625 0.1 0.1
3 0.7734375 0.653125 0.0890625 0.0875
3 0.94375 0.5203125 0.1125 0.075