3 0.3421875 0.57265625 0.13125 0.0921875
3 0.240625 0.78203125 0.15625 0.109375
3 0.3359375 0.6421875 0.0953125 0.0953125
3 0.109375 0.1265625 0.0765625 0.059375
3 0.40625 0.2359375 0.0828125 0.05
3 0.33125 0.38359375 0.0796875 0.078125
3 0.328125 0.30703125 0.0921875 0.05625
3 0.34296875 0.11328125 0.0875 0.0625
3 0.14765625 0.6953125 0.13125 0.13125
3 0.31953125 0.0453125 0.04375 0.0328125
3 0.37265625 0.41640625 0.0765625 0.0765625
3 0.3984375 0.31484375 0.0640625 0.0640625
3 0.42578125 0.60625 0.103125 0.0671875
2 0.4984375 0.47890625 0.06875 0.06875
3 0.31953125 0.31875 0.0921875 0.059375
0 0.3265625 0.06875 0.05 0.0296875