3 0.4171875 0.61171875 0.03359375 0.0953125
3 0.43359375 0.7109375 0.03984375 0.1140625
3 0.496875 0.6796875 0.04296875 0.11484375
3 0.371875 0.8390625 0.06328125 0.13359375
3 0.52109375 0.875 0.06328125 0.1328125
3 0.6921875 0.6203125 0.04375 0.0921875
3 0.94453125 0.50078125 0.03515625 0.0734375
3 0.784375 0.60390625 0.03046875 0.09296875
3 0.653125 0.58671875 0.03515625 0.090625
3 0.9984375 0.5109375 0.003125 0.07421875
2 0.490625 0.49609375 0.04296875 0.07578125
3 0.72421875 0.521875 0.034375 0.07890625