3 0.76484375 0.3359375 0.1171875 0.0890625
3 0.70078125 0.24921875 0.08125 0.08125
3 0.7140625 0.01953125 0.115625 0.0390625
3 0.75625 0.21171875 0.11875 0.0875
3 0.73203125 0.3734375 0.0828125 0.0828125
3 0.61796875 0.09375 0.0859375 0.0859375
3 0.57421875 0.03984375 0.0953125 0.0796875
3 0.96640625 0.475 0.0671875 0.0875
3 0.953125 0.60390625 0.09375 0.0921875
3 0.96875 0.525 0.0625 0.08125
3 0.9484375 0.36328125 0.08125 0.078125
2 0.765625 0.0640625 0.1359375 0.09375
3 0.63046875 0.03125 0.0953125 0.0625
2 0.46171875 0.18203125 0.0640625 0.0640625
3 0.63515625 0.209375 0.1046875 0.071875