3 0.97734375 0.43828125 0.040625 0.040625
3 0.8890625 0.3609375 0.109375 0.040625
3 0.83515625 0.51484375 0.1203125 0.0328125
3 0.7625 0.4890625 0.071875 0.075
3 0.7046875 0.46484375 0.05625 0.0578125
3 0.5765625 0.40078125 0.065625 0.0640625
3 0.54609375 0.33828125 0.0484375 0.0484375
3 0.5390625 0.16875 0.0875 0.028125
3 0.671875 0.1578125 0.1 0.040625
3 0.834375 0.115625 0.10625 0.0375
3 0.634375 0.03671875 0.06875 0.0671875
3 0.4765625 0.03359375 0.065625 0.0265625
2 0.77109375 0.2359375 0.0734375 0.075