3 0.0640625 0.775 0.0390625 0.10703125
3 0.46796875 0.77890625 0.04140625 0.09921875
3 0.24375 0.88984375 0.0484375 0.13046875
3 0.31796875 0.984375 0.05546875 0.03125
3 0.23046875 0.5765625 0.02734375 0.06640625
3 0.44921875 0.634375 0.03046875 0.07890625
3 0.9984375 0.7484375 0.003125 0.10625
3 0.390625 0.83828125 0.03984375 0.115625
3 0.0125 0.89375 0.02421875 0.1375
3 0.31796875 0.6421875 0.028125 0.0828125
3 0.8 0.74140625 0.0421875 0.1015625
3 0.56875 0.640625 0.0359375 0.08984375
2 0.77109375 0.6734375 0.03671875 0.0859375
3 0.89140625 0.6140625 0.03828125 0.0859375