3 0.46171875 0.66328125 0.1 0.078125
3 0.3390625 0.67265625 0.1140625 0.1140625
3 0.2359375 0.771875 0.1375 0.1375
3 0.34296875 0.6171875 0.1296875 0.1015625
3 0.14140625 0.60078125 0.1359375 0.1359375
2 0.534375 0.56484375 0.071875 0.071875
3 0.278125 0.12109375 0.0875 0.071875
3 0.28671875 0.39609375 0.103125 0.08125
3 0.2375 0.29453125 0.096875 0.096875
3 0.34375 0.42421875 0.0953125 0.078125
3 0.39375 0.3375 0.0890625 0.0765625
3 0.2375 0.0859375 0.059375 0.0453125
3 0.3875 0.3515625 0.090625 0.075
3 0.29765625 0.12421875 0.084375 0.065625