3 0.4375 0.56015625 0.0328125 0.0828125
3 0.12734375 0.69921875 0.0234375 0.09453125
3 0.021875 0.57734375 0.01796875 0.0640625
3 0.7171875 0.8015625 0.03125 0.0984375
3 0.003125 0.6859375 0.00625 0.08359375
3 0.1546875 0.61328125 0.01875 0.07578125
1 0.821875 0.67734375 0.0359375 0.1015625
3 0.04765625 0.49140625 0.0234375 0.08203125
3 0.1640625 0.4640625 0.02109375 0.06953125
3 0.22421875 0.57109375 0.0234375 0.08046875
3 0.2984375 0.7171875 0.02265625 0.10390625
0 0.41640625 0.58671875 0.0125 0.02109375
3 0.03828125 0.896875 0.028125 0.10859375