3 0.85234375 0.86796875 0.1078125 0.1046875
3 0.56640625 0.09453125 0.1203125 0.0796875
3 0.85703125 0.15390625 0.109375 0.109375
3 0.7125 0.42578125 0.11875 0.08125
3 0.92890625 0.671875 0.1421875 0.1
3 0.734375 0.17578125 0.121875 0.121875
3 0.53515625 0.36796875 0.084375 0.084375
3 0.76953125 0.7046875 0.1125 0.1140625
3 0.675 0.06796875 0.121875 0.1203125
3 0.55 0.44453125 0.0796875 0.0796875
3 0.69296875 0.36015625 0.121875 0.0796875
2 0.7421875 0.8109375 0.1125 0.0765625
3 0.684375 0.909375 0.08125 0.084375
3 0.6140625 0.621875 0.08125 0.0828125
2 0.42421875 0.096875 0.0765625 0.0765625
3 0.55 0.37265625 0.084375 0.084375
3 0.690625 0.87578125 0.0734375 0.0734375