3 0.57421875 0.54453125 0.075 0.0765625
3 0.7890625 0.80859375 0.078125 0.078125
3 0.6984375 0.9421875 0.0671875 0.0375
3 0.73515625 0.2125 0.0796875 0.0796875
3 0.80703125 0.93125 0.08125 0.0296875
3 0.6984375 0.80390625 0.078125 0.0375
1 0.58828125 0.14296875 0.090625 0.0921875
3 0.60859375 0.9390625 0.0875 0.05
3 0.55234375 0.83359375 0.0765625 0.0453125
3 0.63984375 0.74765625 0.0890625 0.053125
3 0.76171875 0.63828125 0.084375 0.084375
0 0.60546875 0.55859375 0.0234375 0.01875
3 0.978125 0.8421875 0.04375 0.09375