3 0.40703125 0.2390625 0.0703125 0.0671875
3 0.5 0.27265625 0.0765625 0.0765625
3 0.5171875 0.090625 0.090625 0.090625
3 0.6359375 0.19140625 0.09375 0.09375
3 0.4765625 0.1703125 0.071875 0.071875
3 0.76484375 0.10625 0.09375 0.1328125
3 0.4234375 0.1109375 0.090625 0.090625
3 0.22109375 0.15546875 0.0515625 0.1
3 0.25546875 0.2484375 0.0484375 0.0796875
2 0.59140625 0.0578125 0.0796875 0.1078125
3 0.2265625 0.0359375 0.10625 0.071875
3 0.278125 0.1984375 0.078125 0.0796875
3 0.45625 0.29921875 0.0640625 0.0984375
3 0.12734375 0.0484375 0.090625 0.0890625
3 0.58984375 0.21171875 0.065625 0.1328125
1 0.94609375 0.3140625 0.0578125 0.096875