3 0.6453125 0.7359375 0.03125 0.08359375
3 0.54765625 0.72265625 0.03515625 0.0828125
3 0.56796875 0.90390625 0.040625 0.1140625
3 0.43125 0.83046875 0.04375 0.10234375
3 0.59140625 0.81796875 0.02890625 0.0875
3 0.3234375 0.940625 0.06171875 0.11875
3 0.65546875 0.86484375 0.0390625 0.1078125
3 0.84453125 0.77890625 0.02890625 0.09609375
3 0.79140625 0.6953125 0.03046875 0.075
2 0.503125 0.953125 0.053125 0.09375
3 0.86640625 0.91328125 0.0484375 0.11796875
3 0.7796875 0.74921875 0.03515625 0.0859375
3 0.584375 0.6875 0.040625 0.08828125
3 0.95859375 0.8640625 0.0421875 0.1078125
3 0.471875 0.80078125 0.04140625 0.12734375
1 0.10234375 0.775 0.03828125 0.09140625