3 0.6109375 0.87109375 0.0328125 0.1109375
3 0.7375 0.78203125 0.02734375 0.0921875
3 0.61484375 0.665625 0.0203125 0.08828125
3 0.84296875 0.6859375 0.021875 0.06875
3 0.61875 0.71953125 0.021875 0.06953125
3 0.66640625 0.596875 0.01953125 0.071875
3 0.6921875 0.55859375 0.021875 0.06875
3 0.98046875 0.503125 0.02421875 0.08046875
3 0.92734375 0.8796875 0.025 0.11484375
3 0.98125 0.6078125 0.01796875 0.07265625
1 0.11015625 0.753125 0.03359375 0.11484375
2 0.81875 0.68984375 0.02109375 0.0859375
3 0.83125 0.49453125 0.02265625 0.0609375
3 0.7921875 0.50390625 0.01640625 0.0578125