3 0.12421875 0.853125 0.0921875 0.0921875
3 0.521875 0.7796875 0.0828125 0.0859375
3 0.32265625 0.93125 0.0765625 0.1375
3 0.41171875 0.99375 0.0609375 0.0125
3 0.25 0.6265625 0.053125 0.0546875
3 0.47578125 0.64140625 0.046875 0.0828125
3 0.45703125 0.853125 0.0625 0.121875
3 0.1 0.953125 0.059375 0.09375
3 0.3484375 0.67421875 0.0453125 0.0890625
3 0.840625 0.6796875 0.0625 0.1078125
3 0.59453125 0.625 0.0640625 0.1015625
2 0.79921875 0.61875 0.0515625 0.0890625
3 0.90625 0.5375 0.075 0.0765625