3 0.921875 0.2671875 0.0859375 0.0859375
3 0.915625 0.36796875 0.1015625 0.103125
3 0.8203125 0.42421875 0.10625 0.0671875
3 0.91171875 0.14609375 0.1046875 0.071875
3 0.86015625 0.2140625 0.0828125 0.0578125
3 0.765625 0.4578125 0.078125 0.0796875
3 0.83671875 0.15859375 0.125 0.0859375
3 0.7890625 0.80234375 0.128125 0.0921875
3 0.815625 0.32109375 0.078125 0.078125
3 0.871875 0.67265625 0.1046875 0.1046875
3 0.94296875 0.6109375 0.109375 0.1109375
3 0.81328125 0.51484375 0.090625 0.0890625
3 0.89140625 0.7203125 0.103125 0.1015625