3 0.36015625 0.8984375 0.04453125 0.1234375
3 0.5609375 0.784375 0.034375 0.096875
3 0.5578125 0.63359375 0.0359375 0.084375
3 0.4609375 0.9921875 0.053125 0.015625
3 0.14453125 0.775 0.0390625 0.10859375
3 0.384375 0.6421875 0.028125 0.08125
3 0.2296875 0.5796875 0.02578125 0.06640625
3 0.48984375 0.88046875 0.04296875 0.125
3 0.03125 0.90859375 0.0484375 0.1375
3 0.9625 0.60625 0.03125 0.08359375
3 0.39375 0.65 0.03203125 0.08359375
3 0.7171875 0.49609375 0.0328125 0.065625
2 0.83671875 0.68359375 0.05703125 0.1296875