3 0.378125 0.61484375 0.03515625 0.09453125
3 0.43125 0.72578125 0.0453125 0.115625
3 0.396875 0.86484375 0.05625 0.1328125
3 0.4765625 0.69453125 0.0375 0.12265625
3 0.5921875 0.8609375 0.05703125 0.134375
2 0.4265625 0.503125 0.034375 0.07421875
3 0.9390625 0.50234375 0.03359375 0.078125
3 0.696875 0.6328125 0.03125 0.0953125
3 0.809375 0.62421875 0.04140625 0.10078125
3 0.64375 0.59765625 0.03359375 0.084375
3 0.69375 0.5109375 0.0359375 0.07578125
3 0.99140625 0.52109375 0.01640625 0.05390625
3 0.68515625 0.5234375 0.03203125 0.08046875
3 0.9265625 0.4875 0.02734375 0.0796875