3 0.5046875 0.921875 0.084375 0.1296875
3 0.6546875 0.74609375 0.071875 0.1078125
3 0.6 0.60546875 0.0765625 0.078125
3 0.63125 0.975 0.05625 0.034375
3 0.26015625 0.8796875 0.075 0.1171875
3 0.43984375 0.6734375 0.0765625 0.0765625
3 0.2734375 0.6671875 0.0640625 0.0640625
3 0.6203125 0.8609375 0.11875 0.11875
3 0.1984375 0.98515625 0.09375 0.0296875
3 0.96640625 0.44140625 0.0671875 0.0765625
3 0.4515625 0.67734375 0.0796875 0.0796875
3 0.703125 0.421875 0.06875 0.0703125
2 0.87890625 0.55703125 0.11875 0.121875