3 0.07265625 0.22421875 0.0953125 0.1
3 0.88515625 0.3578125 0.0578125 0.115625
3 0.771875 0.08515625 0.0796875 0.11875
3 0.53203125 0.27734375 0.05625 0.1109375
3 0.2484375 0.10859375 0.0703125 0.140625
3 0.7734375 0.2078125 0.075 0.134375
3 0.62265625 0.440625 0.05 0.103125
3 0.24765625 0.27421875 0.0640625 0.11875
3 0.890625 0.24609375 0.10625 0.1078125
3 0.5453125 0.43984375 0.040625 0.0859375
3 0.60078125 0.284375 0.0859375 0.084375
2 0.1484375 0.321875 0.0828125 0.08125
3 0.06328125 0.396875 0.046875 0.0890625
3 0.35859375 0.4109375 0.0515625 0.09375
2 0.91015625 0.49765625 0.071875 0.071875
3 0.615625 0.4265625 0.078125 0.078125
3 0.09453125 0.38515625 0.0484375 0.0875