3 0.45234375 0.7125 0.02890625 0.08203125
3 0.3390625 0.7734375 0.0390625 0.09609375
3 0.1703125 0.70390625 0.04453125 0.084375
3 0.071875 0.69609375 0.034375 0.08125
3 0.246875 0.86640625 0.0609375 0.115625
3 0.578125 0.978125 0.059375 0.04375
3 0.42421875 0.784375 0.0359375 0.08671875
3 0.25078125 0.765625 0.04140625 0.096875
3 0.67421875 0.9359375 0.05078125 0.128125
3 0.65234375 0.78359375 0.03984375 0.096875
3 0.7984375 0.91484375 0.05 0.11953125
3 0.0765625 0.77890625 0.03125 0.08359375
3 0.01484375 0.75390625 0.02890625 0.10390625
2 0.359375 0.8734375 0.04140625 0.109375
3 0.50546875 0.821875 0.046875 0.11953125
3 0.48515625 0.81328125 0.05234375 0.13203125