3 0.715625 0.4671875 0.0625 0.0625
3 0.784375 0.35859375 0.0734375 0.0734375
3 0.7265625 0.18515625 0.090625 0.059375
3 0.72578125 0.08671875 0.0859375 0.04375
3 0.8828125 0.2734375 0.1046875 0.103125
3 0.97109375 0.6109375 0.05 0.0625
3 0.7890625 0.44453125 0.0703125 0.071875
3 0.78203125 0.26953125 0.0796875 0.078125
3 0.92265625 0.70390625 0.13125 0.0609375
3 0.77265625 0.671875 0.071875 0.071875
3 0.89296875 0.8265625 0.1234375 0.0609375
3 0.8078125 0.096875 0.065625 0.0640625
3 0.78671875 0.03359375 0.1078125 0.0375
2 0.88203125 0.3859375 0.0796875 0.0796875
3 0.82109375 0.528125 0.1 0.0984375
3 0.81328125 0.50703125 0.140625 0.0734375