3 0.73671875 0.35390625 0.1 0.1
3 0.4765625 0.57578125 0.0984375 0.0984375
3 0.44765625 0.97734375 0.1203125 0.0453125
3 0.503125 0.80625 0.1125 0.090625
3 0.93671875 0.52734375 0.1265625 0.1265625
3 0.79140625 0.478125 0.1515625 0.1515625
3 0.59296875 0.6609375 0.11875 0.096875
3 0.77109375 0.7671875 0.1578125 0.1234375
3 0.3796875 0.7828125 0.0828125 0.065625
2 0.61640625 0.3203125 0.0953125 0.078125
3 0.60546875 0.59765625 0.0875 0.0875
3 0.3171875 0.878125 0.0859375 0.0859375
3 0.409375 0.9859375 0.0625 0.028125
3 0.50859375 0.55703125 0.103125 0.0796875