3 0.53984375 0.42265625 0.075 0.0734375
3 0.7875 0.190625 0.0625 0.1015625
3 0.9265625 0.27109375 0.0421875 0.0671875
3 0.19609375 0.2859375 0.0875 0.0875
3 0.9 0.1671875 0.040625 0.053125
3 0.78984375 0.28046875 0.059375 0.0609375
1 0.13828125 0.4375 0.075 0.1125
3 0.93046875 0.3609375 0.06875 0.0671875
3 0.8296875 0.42421875 0.05625 0.0578125
3 0.7375 0.34296875 0.053125 0.084375
3 0.61953125 0.22890625 0.0609375 0.10625
0 0.55078125 0.390625 0.021875 0.021875
3 0.80625 0.0109375 0.096875 0.021875