3 0.6375 0.7875 0.0421875 0.109375
3 0.740625 0.78046875 0.0546875 0.1203125
3 0.8859375 0.71796875 0.06875 0.0703125
3 0.93203125 0.76640625 0.08125 0.08125
3 0.203125 0.934375 0.0578125 0.121875
3 0.2953125 0.82578125 0.059375 0.1140625
2 0.67421875 0.8875 0.0578125 0.1203125
3 0.77734375 0.88515625 0.0890625 0.0875
3 0.42109375 0.96796875 0.06875 0.0625
3 0.521875 0.8359375 0.0484375 0.1234375
3 0.96796875 0.7046875 0.046875 0.090625
3 0.31875 0.93671875 0.0640625 0.121875
3 0.54296875 0.73984375 0.0796875 0.0796875