3 0.48203125 0.8109375 0.0796875 0.1140625
3 0.590625 0.80859375 0.0796875 0.08125
3 0.80078125 0.95859375 0.1078125 0.0828125
3 0.5890625 0.87578125 0.0765625 0.1171875
3 0.47109375 0.7625 0.0578125 0.0984375
3 0.76484375 0.8296875 0.084375 0.084375
3 0.840625 0.82890625 0.0890625 0.0890625
3 0.2421875 0.9109375 0.0890625 0.090625
3 0.14296875 0.828125 0.103125 0.1046875
3 0.91875 0.809375 0.05 0.065625
3 0.196875 0.88828125 0.078125 0.1109375
3 0.3546875 0.946875 0.075 0.075
2 0.70390625 0.95625 0.1078125 0.0875
3 0.809375 0.8765625 0.05625 0.09375
2 0.7828125 0.65078125 0.0609375 0.0609375
3 0.66015625 0.77734375 0.065625 0.10625