3 0.96171875 0.72265625 0.04765625 0.12265625
3 0.13515625 0.68828125 0.03828125 0.10859375
3 0.28125 0.94609375 0.05859375 0.10703125
3 0.4953125 0.725 0.0421875 0.1078125
3 0.79765625 0.8578125 0.04609375 0.13203125
3 0.2640625 0.8234375 0.0515625 0.12421875
3 0.38515625 0.57421875 0.03359375 0.09609375
3 0.778125 0.69296875 0.04765625 0.1140625
3 0.14296875 0.8 0.04765625 0.13671875
3 0.4625 0.56484375 0.03203125 0.08359375
3 0.4265625 0.7265625 0.03828125 0.10859375
2 0.8703125 0.634375 0.0359375 0.0984375
3 0.94609375 0.54921875 0.03359375 0.08515625
3 0.6515625 0.57109375 0.03359375 0.08828125
2 0.09296875 0.55234375 0.03984375 0.08125
3 0.39453125 0.58671875 0.0359375 0.0984375
3 0.91640625 0.56484375 0.03125 0.08125