1 0.62890625 0.3484375 0.0515625 0.14140625
3 0.6984375 0.59375 0.0625 0.1828125
3 0.37578125 0.9828125 0.1140625 0.034375
3 0.79375 0.8984375 0.0625 0.203125
3 0.01015625 0.64453125 0.0203125 0.1890625
3 0.13515625 0.77109375 0.07578125 0.22109375
3 0.59921875 0.59140625 0.06171875 0.14765625
3 0.23359375 0.5328125 0.06640625 0.14921875
3 0.23359375 0.959375 0.0703125 0.08046875
3 0.33046875 0.9328125 0.0640625 0.134375
3 0.93125 0.79765625 0.0875 0.22578125
3 0.8828125 0.7609375 0.0640625 0.2078125
0 0.21640625 0.49609375 0.015625 0.0328125