2 0.7453125 0.8890625 0.071875 0.221875
3 0.12109375 0.7046875 0.07109375 0.21484375
3 0.8796875 0.8921875 0.0609375 0.21484375
3 0.5734375 0.93203125 0.08125 0.1359375
3 0.4578125 0.7359375 0.0609375 0.2
3 0.78515625 0.53984375 0.0609375 0.16015625
3 0.95859375 0.521875 0.0609375 0.1609375
3 0.28125 0.6375 0.0671875 0.20078125
3 0.3703125 0.68125 0.0609375 0.2015625
3 0.81796875 0.79453125 0.05703125 0.19375
3 0.4828125 0.63046875 0.059375 0.1671875
3 0.47890625 0.51484375 0.0515625 0.14921875
3 0.8 0.70390625 0.04921875 0.13046875