3 0.94375 0.590625 0.109375 0.084375
3 0.99296875 0.02578125 0.0140625 0.0203125
2 0.978125 0.40390625 0.04375 0.0515625
3 0.9046875 0.51875 0.1375 0.1359375
3 0.81328125 0.2671875 0.1203125 0.1203125
3 0.95390625 0.35 0.0921875 0.05625
3 0.88515625 0.3296875 0.128125 0.128125
3 0.86640625 0.17421875 0.1359375 0.1359375
3 0.89921875 0.11015625 0.178125 0.071875
3 0.796875 0.225 0.18125 0.0546875
3 0.76875 0.03203125 0.16875 0.0515625
3 0.80234375 0.0875 0.1734375 0.0671875
3 0.81640625 0.0703125 0.1234375 0.1234375
1 0.77890625 0.39296875 0.1765625 0.0609375
3 0.75703125 0.028125 0.1703125 0.0453125