3 0.71484375 0.97734375 0.0421875 0.0453125
2 0.34296875 0.9875 0.0421875 0.025
3 0.74453125 0.94296875 0.0390625 0.1140625
3 0.87578125 0.9578125 0.0421875 0.084375
3 0.44765625 0.9328125 0.0359375 0.134375
3 0.625 0.9359375 0.04375 0.128125
3 0.5625 0.9375 0.05 0.125
3 0.375 0.92734375 0.03203125 0.1296875
3 0.40546875 0.91953125 0.02890625 0.13828125
3 0.80859375 0.9328125 0.0390625 0.134375
3 0.3046875 0.9265625 0.03671875 0.13828125
3 0.58203125 0.9328125 0.0390625 0.134375
3 0.7890625 0.9328125 0.040625 0.134375
3 0.77265625 0.01171875 0.03046875 0.02265625