3 0.121875 0.25234375 0.07734375 0.2546875
3 0.20859375 0.18828125 0.05625 0.24375
2 0.7078125 0.13203125 0.059375 0.21171875
3 0.77734375 0.10390625 0.05 0.1921875
3 0.42578125 0.14140625 0.05078125 0.21953125
3 0.671875 0.059375 0.046875 0.11875
3 0.58125 0.07890625 0.053125 0.1578125
3 0.85234375 0.0234375 0.0421875 0.046875
3 0.49921875 0.09609375 0.0484375 0.19140625
3 0.74609375 0.0359375 0.0390625 0.071875
3 0.45234375 0.103125 0.04453125 0.20078125
3 0.77265625 0.02890625 0.0359375 0.0578125
3 0.81171875 0.03046875 0.0390625 0.0609375
3 0.55703125 0.08203125 0.0484375 0.1640625