3 0.315625 0.69375 0.06171875 0.20234375
3 0.53359375 0.90546875 0.0640625 0.1890625
3 0.4421875 0.70078125 0.04453125 0.1859375
3 0.11640625 0.86484375 0.07890625 0.23671875
3 0.73984375 0.62578125 0.05 0.18359375
3 0.8234375 0.51875 0.04453125 0.15546875
2 0.6453125 0.86328125 0.0609375 0.21953125
3 0.6703125 0.55703125 0.04453125 0.15859375
3 0.98046875 0.821875 0.0390625 0.221875
3 0.39453125 0.7 0.0484375 0.196875
3 0.453125 0.56640625 0.04375 0.16015625
2 0.73359375 0.3734375 0.034375 0.09140625