1 0.37109375 0.6515625 0.0984375 0.1
3 0.3015625 0.40625 0.134375 0.134375
3 0.62578125 0.02890625 0.0796875 0.0578125
3 0.20625 0.1015625 0.14375 0.14375
3 0.96796875 0.35625 0.0640625 0.10625
3 0.86484375 0.22890625 0.1515625 0.1515625
3 0.40078125 0.40859375 0.0765625 0.1515625
3 0.76640625 0.4671875 0.1140625 0.115625
3 0.7671875 0.04140625 0.071875 0.0828125
3 0.66953125 0.0671875 0.0984375 0.1
3 0.06875 0.20234375 0.103125 0.2296875
3 0.1171875 0.2390625 0.075 0.2125
0 0.78359375 0.50390625 0.0171875 0.0328125