3 0.97890625 0.50703125 0.0421875 0.1640625
3 0.46328125 0.503125 0.04140625 0.17890625
3 0.41171875 0.93046875 0.0453125 0.1390625
3 0.5328125 0.78125 0.05546875 0.17890625
3 0.56328125 0.91953125 0.0453125 0.1609375
3 0.821875 0.9484375 0.03125 0.103125
3 0.84765625 0.946875 0.0328125 0.10546875
3 0.9140625 0.9390625 0.03125 0.121875
3 0.93046875 0.91953125 0.0328125 0.1609375
3 0.98203125 0.909375 0.0359375 0.18046875
3 0.9953125 0.91953125 0.009375 0.1609375
2 0.4796875 0.35625 0.046875 0.16328125
3 0.996875 0.10703125 0.00625 0.1140625
0 0.990625 0.1375 0.01875 0.046875