2 0.38984375 0.1609375 0.1609375 0.26875
2 0.4984375 0.67109375 0.103125 0.153125
3 0.75 0.33984375 0.1265625 0.2046875
3 0.2625 0.6046875 0.15 0.15
3 0.89609375 0.234375 0.109375 0.128125
3 0.5734375 0.1140625 0.1953125 0.1953125
3 0.59453125 0.2796875 0.1703125 0.16875
3 0.28046875 0.390625 0.1703125 0.1703125
3 0.34921875 0.5875 0.1171875 0.1765625
3 0.95625 0.4546875 0.0875 0.121875
3 0.06171875 0.5625 0.1234375 0.140625
3 0.82578125 0.07734375 0.1453125 0.1546875
3 0.04765625 0.4421875 0.0953125 0.16875