3 0.43203125 0.91484375 0.0765625 0.1703125
3 0.95859375 0.9765625 0.0796875 0.046875
3 0.54609375 0.43515625 0.06484375 0.20703125
3 0.275 0.84296875 0.0875 0.24375
3 0.11875 0.64140625 0.0640625 0.20703125
3 0.47265625 0.38828125 0.065625 0.1984375
3 0.39375 0.53984375 0.0546875 0.18828125
3 0.7828125 0.51953125 0.06328125 0.2015625
3 0.33984375 0.36328125 0.04921875 0.1796875
3 0.8171875 0.58203125 0.07265625 0.21640625
2 0.0015625 0.575 0.003125 0.2109375
3 0.03203125 0.88984375 0.0640625 0.2203125