1 0.6046875 0.66953125 0.1296875 0.13125
3 0.34921875 0.659375 0.153125 0.153125
3 0.090625 0.23515625 0.0796875 0.09375
3 0.05703125 0.65625 0.1140625 0.16875
3 0.50625 0.02734375 0.11875 0.0546875
3 0.3546875 0.0703125 0.234375 0.140625
3 0.38203125 0.56640625 0.140625 0.1421875
3 0.55078125 0.23671875 0.1375 0.1359375
3 0.14609375 0.10390625 0.103125 0.103125
3 0.140625 0.2046875 0.1328125 0.1328125
3 0.096875 0.80859375 0.19375 0.2015625
3 0.13359375 0.78359375 0.1890625 0.1890625
0 0.59140625 0.23125 0.0328125 0.0328125