3 0.28046875 0.0734375 0.0703125 0.146875
3 0.57265625 0.0359375 0.0578125 0.071875
3 0.9765625 0.090625 0.046875 0.18046875
3 0.70703125 0.021875 0.0578125 0.04375
3 0.715625 0.1296875 0.0578125 0.2234375
3 0.871875 0.2046875 0.0625 0.228125
3 0.61640625 0.075 0.0640625 0.15
3 0.7859375 0.05703125 0.059375 0.1140625
3 0.4078125 0.1140625 0.059375 0.2125
3 0.4421875 0.0875 0.059375 0.175
3 0.84609375 0.07890625 0.0515625 0.1578125
3 0.16875 0.00703125 0.04375 0.0140625
3 0.8640625 0.03203125 0.046875 0.0640625