3 0.3515625 0.9828125 0.06875 0.034375
3 0.53203125 0.9109375 0.0640625 0.178125
3 0.25625 0.93984375 0.0625 0.1203125
3 0.284375 0.84375 0.059375 0.21484375
3 0.759375 0.925 0.05625 0.15
3 0.58671875 0.9125 0.0515625 0.175
3 0.67890625 0.9703125 0.0671875 0.059375
3 0.8734375 0.9578125 0.059375 0.084375
3 0.39140625 0.84921875 0.06796875 0.2359375
3 0.978125 0.96953125 0.040625 0.0609375
3 0.9328125 0.94140625 0.06875 0.11640625
3 0.82734375 0.94140625 0.0609375 0.11640625
3 0.9046875 0.95546875 0.04375 0.0890625