3 0.1890625 0.2890625 0.1296875 0.0703125
3 0.440625 0.4984375 0.09375 0.09375
3 0.42890625 0.1234375 0.1046875 0.059375
3 0.5609375 0.0125 0.084375 0.025
3 0.1328125 0.109375 0.1265625 0.0703125
2 0.36796875 0.053125 0.1015625 0.0578125
3 0.5265625 0.11484375 0.1 0.0578125
3 0.5359375 0.40859375 0.0859375 0.0875
3 0.540625 0.159375 0.0796875 0.078125
3 0.47109375 0.3734375 0.0859375 0.0859375
3 0.54453125 0.15 0.103125 0.0609375
1 0.68203125 0.7703125 0.0890625 0.0890625
2 0.64921875 0.03125 0.0875 0.05625