3 0.54296875 0.9265625 0.0765625 0.146875
3 0.9046875 0.95546875 0.09375 0.0890625
3 0.35625 0.90234375 0.071875 0.1953125
3 0.2171875 0.96640625 0.078125 0.06640625
3 0.64453125 0.9140625 0.0671875 0.171875
3 0.4921875 0.79453125 0.065625 0.1984375
3 0.99921875 0.82109375 0.0015625 0.20859375
3 0.840625 0.71875 0.05703125 0.1796875
3 0.26796875 0.93203125 0.0640625 0.1359375
3 0.06875 0.76328125 0.05625 0.18125
2 0.115625 0.8984375 0.0625 0.19296875
3 0.88203125 0.77421875 0.06171875 0.1984375
3 0.909375 0.765625 0.06328125 0.19375