3 0.4484375 0.80859375 0.134375 0.134375
3 0.271875 0.215625 0.153125 0.0984375
3 0.4796875 0.43828125 0.1390625 0.08125
3 0.10546875 0.8453125 0.0734375 0.075
3 0.34921875 0.03671875 0.1171875 0.0546875
3 0.18359375 0.3015625 0.1453125 0.0859375
3 0.07109375 0.128125 0.0984375 0.0796875
3 0.609375 0.4953125 0.13125 0.0875
3 0.61796875 0.94296875 0.1609375 0.0828125
3 0.684375 0.55703125 0.1140625 0.1140625
2 0.33828125 0.303125 0.1203125 0.075
3 0.16015625 0.98203125 0.0921875 0.0359375
3 0.53203125 0.978125 0.0640625 0.04375