3 0.215625 0.6296875 0.0546875 0.14453125
3 0.83359375 0.646875 0.0546875 0.13671875
3 0.56484375 0.50390625 0.046875 0.13125
3 0.26953125 0.971875 0.0578125 0.05546875
3 0.9875 0.5265625 0.025 0.1140625
3 0.7734375 0.75390625 0.0484375 0.13515625
3 0.98515625 0.81953125 0.0296875 0.1390625
3 0.47578125 0.39296875 0.04921875 0.11796875
3 0.04140625 0.50078125 0.04375 0.15390625
3 0.396875 0.33671875 0.05 0.11875
2 0.73203125 0.60546875 0.04453125 0.1109375
3 0.09453125 0.959375 0.0578125 0.08046875
3 0.01953125 0.5953125 0.03046875 0.0796875