2 0.1015625 0.6953125 0.203125 0.125
3 0.34296875 0.09921875 0.1703125 0.171875
3 0.08984375 0.828125 0.1796875 0.1125
3 0.06484375 0.51953125 0.1296875 0.1328125
3 0.27109375 0.4296875 0.1578125 0.159375
3 0.42578125 0.778125 0.1671875 0.0828125
3 0.42421875 0.94375 0.1234375 0.1125
3 0.38984375 0.26640625 0.2109375 0.0984375
3 0.3359375 0.34921875 0.153125 0.153125
3 0.16875 0.7796875 0.14375 0.14375
3 0.37265625 0.4671875 0.1265625 0.128125
3 0.4875 0.47734375 0.1578125 0.0765625
3 0.2609375 0.77265625 0.134375 0.065625