0 0.99765625 0.1390625 0.0046875 0.0390625
3 0.6078125 0.38125 0.04140625 0.1390625
2 0.53203125 0.3875 0.03984375 0.1453125
3 0.0375 0.56640625 0.06796875 0.20078125
3 0.46640625 0.91796875 0.0671875 0.1640625
3 0.55 0.9328125 0.05 0.134375
3 0.5609375 0.78828125 0.059375 0.16953125
3 0.72109375 0.9625 0.0328125 0.075
3 0.76953125 0.96484375 0.0578125 0.0703125
3 0.74140625 0.93203125 0.0390625 0.1359375
3 0.81171875 0.91953125 0.0453125 0.1609375
3 0.9921875 0.934375 0.015625 0.13046875
3 0.97890625 0.4890625 0.0421875 0.171875