3 0.03515625 0.95390625 0.0640625 0.09140625
3 0.1421875 0.91796875 0.0625 0.1640625
3 0.20078125 0.80546875 0.05390625 0.19140625
3 0.2421875 0.71171875 0.046875 0.16953125
3 0.290625 0.66328125 0.04375 0.1484375
3 0.3828125 0.66796875 0.0296875 0.1265625
3 0.38828125 0.7578125 0.03671875 0.20078125
3 0.42421875 0.9234375 0.0609375 0.153125
3 0.959375 0.7359375 0.05 0.18828125
0 0.41875 0.7265625 0.03828125 0.05859375
2 0.471875 0.625 0.0484375 0.15703125
2 0.23515625 0.98203125 0.0546875 0.0359375