3 0.76171875 0.75546875 0.09453125 0.2296875
3 0.40859375 0.646875 0.06328125 0.2390625
3 0.25703125 0.88203125 0.0796875 0.2359375
3 0.709375 0.50234375 0.05703125 0.20859375
3 0.990625 0.45 0.01875 0.18359375
3 0.896875 0.5578125 0.0515625 0.20859375
3 0.19609375 0.8703125 0.0671875 0.259375
3 0.8484375 0.86484375 0.08125 0.19375
1 0.14296875 0.3125 0.04765625 0.1640625
2 0.46953125 0.946875 0.0859375 0.10546875
0 0.88515625 0.91640625 0.0359375 0.06953125
3 0.8359375 0.71171875 0.078125 0.221875
0 0.896875 0.9171875 0.0328125 0.06484375