3 0.64765625 0.01796875 0.1828125 0.0359375
3 0.70234375 0.19921875 0.1640625 0.109375
3 0.834375 0.2375 0.1828125 0.121875
3 0.74921875 0.309375 0.1421875 0.1421875
3 0.67265625 0.42578125 0.16875 0.1125
3 0.92421875 0.4375 0.1515625 0.159375
3 0.92265625 0.59765625 0.1546875 0.1734375
3 0.81796875 0.57265625 0.1578125 0.1171875
3 0.81640625 0.478125 0.1296875 0.1
3 0.765625 0.478125 0.1171875 0.08125
3 0.74296875 0.63984375 0.1203125 0.1203125
2 0.65625 0.51015625 0.1546875 0.1109375
2 0.90390625 0.26015625 0.0890625 0.090625