3 0.21796875 0.9 0.0609375 0.2
2 0.58046875 0.509375 0.05390625 0.18125
3 0.465625 0.9109375 0.075 0.178125
3 0.7765625 0.60390625 0.05390625 0.203125
3 0.321875 0.4359375 0.0453125 0.190625
3 0.084375 0.77421875 0.06171875 0.2109375
3 0.36015625 0.6984375 0.04296875 0.19296875
3 0.384375 0.946875 0.059375 0.10546875
3 0.14140625 0.88125 0.05703125 0.22421875
3 0.0125 0.82890625 0.025 0.2140625
3 0.57265625 0.26875 0.04765625 0.1640625
3 0.046875 0.0859375 0.040625 0.153125
3 0.8390625 0.04921875 0.04453125 0.0984375