3 0.08515625 0.9765625 0.0765625 0.046875
3 0.45234375 0.6890625 0.03984375 0.15234375
3 0.7640625 0.73046875 0.040625 0.16328125
3 0.15546875 0.9125 0.0609375 0.175
3 0.95625 0.91640625 0.046875 0.16640625
2 0.271875 0.85859375 0.04921875 0.2140625
3 0.83046875 0.83046875 0.046875 0.19453125
3 0.51484375 0.88828125 0.05234375 0.1546875
3 0.9859375 0.92890625 0.028125 0.14140625
3 0.50546875 0.809375 0.04921875 0.1640625
0 0.24140625 0.9703125 0.02265625 0.04609375
3 0.71640625 0.628125 0.03984375 0.14140625
0 0.24296875 0.98046875 0.0234375 0.0390625