3 0.52421875 0.075 0.0984375 0.15
3 0.17265625 0.021875 0.1140625 0.04375
3 0.7046875 0.12578125 0.1046875 0.20625
3 0.85234375 0.08671875 0.090625 0.084375
3 0.42265625 0.08125 0.1140625 0.1625
3 0.55390625 0.21015625 0.1640625 0.1625
3 0.06328125 0.10625 0.046875 0.20625
3 0.19765625 0.23046875 0.10625 0.19375
3 0.79765625 0.1109375 0.0953125 0.1484375
3 0.9609375 0.3078125 0.078125 0.190625
2 0.93125 0.16640625 0.1375 0.1578125
3 0.165625 0.16953125 0.1515625 0.1515625
3 0.1375 0.1734375 0.1078125 0.20625