3 0.25859375 0.91484375 0.1203125 0.121875
3 0.54765625 0.96640625 0.0671875 0.0671875
3 0.94921875 0.9203125 0.0671875 0.159375
3 0.68046875 0.98203125 0.0609375 0.0359375
3 0.69609375 0.88125 0.0953125 0.2296875
3 0.85625 0.8140625 0.103125 0.2359375
3 0.59375 0.93046875 0.1171875 0.115625
3 0.7625 0.94921875 0.065625 0.1015625
3 0.3875 0.88046875 0.0828125 0.21875
3 0.4203125 0.9078125 0.0828125 0.1796875
3 0.82265625 0.92890625 0.0703125 0.1421875
3 0.14296875 0.97421875 0.0453125 0.01875
3 0.8390625 0.97734375 0.065625 0.0453125