2 0.34765625 0.090625 0.1203125 0.18125
3 0.915625 0.3859375 0.1171875 0.2265625
3 0.21796875 0.06015625 0.1765625 0.1203125
3 0.525 0.06328125 0.13125 0.1265625
3 0.59453125 0.2796875 0.109375 0.209375
3 0.23125 0.396875 0.14375 0.14375
3 0.0578125 0.37578125 0.10625 0.1765625
3 0.74375 0.41484375 0.13125 0.2203125
3 0.6671875 0.35234375 0.165625 0.165625
3 0.25625 0.14140625 0.1625 0.1625
3 0.54609375 0.3765625 0.146875 0.1484375
3 0.52421875 0.490625 0.09375 0.1609375
3 0.25390625 0.23359375 0.1171875 0.1171875