3 0.36484375 0.9703125 0.0609375 0.059375
3 0.3859375 0.84921875 0.06484375 0.21328125
3 0.6046875 0.715625 0.06015625 0.1921875
3 0.225 0.9984375 0.065625 0.003125
3 0.8765625 0.88046875 0.0625 0.2390625
3 0.94921875 0.76640625 0.0703125 0.18359375
3 0.00078125 0.746875 0.0015625 0.19453125
2 0.00859375 0.96484375 0.0171875 0.0703125
3 0.2703125 0.71484375 0.0453125 0.15859375
3 0.0109375 0.921875 0.021875 0.15546875
3 0.28828125 0.9078125 0.0515625 0.184375
3 0.27578125 0.84609375 0.05 0.17578125