3 0.67890625 0.81875 0.2109375 0.209375
3 0.665625 0.45 0.203125 0.2046875
3 0.9125 0.36328125 0.175 0.2140625
3 0.4484375 0.703125 0.1703125 0.16875
3 0.325 0.95703125 0.1828125 0.0734375
3 0.453125 0.8984375 0.1734375 0.175
3 0.91796875 0.3015625 0.1640625 0.2
3 0.76171875 0.92890625 0.2171875 0.1421875
1 0.4109375 0.10625 0.1734375 0.0953125
2 0.93515625 0.584375 0.1296875 0.121875
0 0.80234375 0.9765625 0.0765625 0.046875
3 0.6171875 0.87890625 0.2453125 0.1578125
0 0.8 0.98359375 0.071875 0.0328125