2 0.26484375 0.9875 0.0515625 0.025
3 0.00390625 0.834375 0.0078125 0.1359375
3 0.09453125 0.97734375 0.0734375 0.0453125
3 0.24140625 0.66015625 0.0453125 0.1296875
3 0.11484375 0.45390625 0.03125 0.1109375
3 0.4953125 0.3578125 0.05390625 0.1109375
3 0.58359375 0.771875 0.04140625 0.1171875
3 0.578125 0.92890625 0.04140625 0.1296875
3 0.79296875 0.99453125 0.0703125 0.0109375
3 0.75 0.60625 0.0484375 0.08984375
3 0.87578125 0.54140625 0.03671875 0.1328125
3 0.98828125 0.79765625 0.0234375 0.1390625