3 0.04453125 0.859375 0.075 0.19453125
3 0.30703125 0.80703125 0.0453125 0.15703125
3 0.39609375 0.9125 0.0546875 0.175
3 0.42734375 0.80546875 0.0453125 0.1546875
3 0.50234375 0.68828125 0.03984375 0.16015625
3 0.61796875 0.91640625 0.0515625 0.16640625
3 0.765625 0.8546875 0.059375 0.18515625
3 0.69609375 0.7609375 0.05546875 0.1390625
3 0.60859375 0.79765625 0.05390625 0.1140625
3 0.58828125 0.7515625 0.034375 0.1078125
3 0.7265625 0.66484375 0.04375 0.1328125
2 0.57265625 0.6390625 0.04140625 0.1421875
2 0.44609375 0.96796875 0.0703125 0.0640625