3 0.06953125 0.7234375 0.1390625 0.146875
2 0.5015625 0.41875 0.134375 0.1328125
3 0.09140625 0.4765625 0.1828125 0.10625
3 0.4359375 0.21171875 0.153125 0.1515625
3 0.53828125 0.68515625 0.1953125 0.0765625
3 0.1703125 0.8734375 0.2234375 0.1078125
3 0.284375 0.6109375 0.1984375 0.075
3 0.05078125 0.553125 0.1015625 0.084375
3 0.09453125 0.80234375 0.1890625 0.0984375
3 0.11171875 0.91328125 0.1296875 0.0890625
3 0.7390625 0.46015625 0.1234375 0.121875
3 0.84765625 0.975 0.1140625 0.05
3 0.97421875 0.22734375 0.0515625 0.0890625