2 0.55390625 0.90234375 0.0546875 0.1953125
3 0.63203125 0.996875 0.0765625 0.00546875
3 0.59765625 0.74453125 0.053125 0.17734375
3 0.490625 0.97890625 0.065625 0.04140625
3 0.853125 0.9328125 0.065625 0.134375
3 0.6046875 0.46171875 0.05 0.14296875
3 0.83828125 0.515625 0.04296875 0.14375
3 0.8 0.69296875 0.06015625 0.16953125
3 0.48203125 0.4984375 0.040625 0.1359375
3 0.346875 0.634375 0.0484375 0.17265625
3 0.37578125 0.63203125 0.03984375 0.1609375
3 0.9859375 0.37890625 0.028125 0.11953125