2 0.50625 0.85625 0.0625 0.25390625
2 0.44296875 0.3390625 0.0578125 0.14140625
3 0.78828125 0.5703125 0.05234375 0.18984375
3 0.24140625 0.478125 0.05625 0.17265625
3 0.978125 0.6234375 0.04375 0.16953125
3 0.6953125 0.840625 0.0640625 0.21796875
3 0.6609375 0.67734375 0.06171875 0.19765625
3 0.328125 0.675 0.059375 0.19296875
3 0.32890625 0.46640625 0.05390625 0.16015625
3 0.9671875 0.3921875 0.04453125 0.15390625
3 0.05703125 0.58671875 0.0484375 0.16953125
3 0.9734375 0.803125 0.053125 0.23359375
3 0.053125 0.71328125 0.05234375 0.19765625