3 0.26640625 0.965625 0.1640625 0.06875
3 0.4671875 0.8609375 0.140625 0.140625
3 0.59453125 0.91484375 0.1546875 0.1546875
3 0.57421875 0.80546875 0.1390625 0.1390625
3 0.5875 0.66640625 0.125 0.1703125
3 0.79296875 0.8171875 0.1265625 0.1765625
3 0.89765625 0.6953125 0.171875 0.171875
3 0.79296875 0.64375 0.125 0.1578125
3 0.73203125 0.715625 0.115625 0.115625
3 0.69296875 0.684375 0.0859375 0.115625
3 0.7765625 0.54375 0.1015625 0.1390625
2 0.628125 0.590625 0.125 0.125
2 0.66328125 0.93828125 0.096875 0.0953125