3 0.58671875 0.98046875 0.0984375 0.0390625
3 0.16328125 0.8890625 0.0734375 0.221875
3 0.71328125 0.95 0.0953125 0.1
3 0.4203125 0.90546875 0.059375 0.1890625
3 0.34140625 0.9578125 0.0640625 0.084375
3 0.88359375 0.94296875 0.0765625 0.1140625
3 0.8265625 0.90546875 0.059375 0.1890625
3 0.40234375 0.9765625 0.0640625 0.046875
3 0.2578125 0.88515625 0.07421875 0.20546875
3 0.8609375 0.934375 0.0625 0.13046875
3 0.37734375 0.7984375 0.05390625 0.23203125
3 0.32109375 0.8453125 0.05390625 0.2140625