3 0.0296875 0.93984375 0.059375 0.1203125
3 0.0875 0.7734375 0.05703125 0.18828125
3 0.02421875 0.509375 0.0484375 0.1859375
3 0.171875 0.615625 0.05234375 0.17578125
3 0.32578125 0.81484375 0.0640625 0.246875
3 0.36484375 0.490625 0.04140625 0.18515625
3 0.45625 0.6015625 0.0765625 0.21015625
3 0.55234375 0.634375 0.065625 0.20703125
3 0.80546875 0.42109375 0.05234375 0.20078125
3 0.8640625 0.57578125 0.046875 0.20078125
2 0.2453125 0.871875 0.0625 0.25546875
0 0.4609375 0.759375 0.03671875 0.05546875