3 0.50078125 0.91640625 0.0671875 0.16640625
3 0.75078125 0.90234375 0.0796875 0.1953125
3 0.115625 0.765625 0.04921875 0.184375
3 0.88203125 0.93203125 0.0734375 0.1359375
3 0.47109375 0.82734375 0.05078125 0.1796875
3 0.41796875 0.7984375 0.0546875 0.20078125
3 0.64765625 0.8875 0.059375 0.21015625
3 0.92265625 0.9015625 0.0609375 0.196875
3 0.54375 0.84765625 0.0515625 0.19765625
3 0.5984375 0.87109375 0.05 0.2265625
3 0.02734375 0.9625 0.0484375 0.075
2 0.059375 0.95234375 0.046875 0.0953125