3 0.80703125 0.55703125 0.096875 0.1578125
3 0.21171875 0.7234375 0.0984375 0.153125
3 0.43828125 0.51953125 0.1078125 0.1078125
3 0.8375 0.90234375 0.0703125 0.06875
3 0.0359375 0.6421875 0.059375 0.121875
3 0.29609375 0.8125 0.078125 0.14375
3 0.1078125 0.9265625 0.065625 0.14375
3 0.49765625 0.390625 0.1 0.1
3 0.9453125 0.38984375 0.084375 0.1625
3 0.5609375 0.31640625 0.078125 0.128125
2 0.3 0.65859375 0.084375 0.125
3 0.9828125 0.84609375 0.034375 0.0953125
3 0.98046875 0.4765625 0.0390625 0.0875