3 0.96484375 0.7390625 0.0484375 0.046875
2 0.98984375 0.36796875 0.0203125 0.0453125
3 0.9296875 0.7671875 0.0796875 0.0796875
3 0.9375 0.89921875 0.0859375 0.046875
3 0.93515625 0.4703125 0.0890625 0.090625
3 0.92890625 0.64765625 0.0953125 0.0953125
3 0.93359375 0.58515625 0.1015625 0.1015625
3 0.93359375 0.39765625 0.13125 0.04375
3 0.92421875 0.42734375 0.140625 0.05
3 0.91640625 0.83046875 0.0984375 0.1
3 0.9359375 0.32734375 0.0953125 0.0921875
3 0.92734375 0.60390625 0.1390625 0.0578125
3 0.9171875 0.8109375 0.0953125 0.096875
3 0.00546875 0.7453125 0.0109375 0.03125