3 0.7734375 0.00546875 0.05625 0.0109375
3 0.44375 0.11484375 0.07109375 0.2234375
3 0.3640625 0.08046875 0.0625 0.1609375
2 0.534375 0.1515625 0.06484375 0.2265625
3 0.59609375 0.07109375 0.0515625 0.14140625
3 0.275 0.10859375 0.05625 0.21640625
3 0.09609375 0.15859375 0.059375 0.2421875
3 0.5109375 0.04453125 0.04375 0.0890625
3 0.02109375 0.225 0.03984375 0.228125
3 0.62734375 0.003125 0.0453125 0.00546875
3 0.47421875 0.0484375 0.0421875 0.096875
3 0.29296875 0.06796875 0.0484375 0.1359375
3 0.0734375 0.14921875 0.05078125 0.23359375