2 0.56171875 0.14921875 0.1828125 0.1859375
2 0.41875 0.65 0.1125 0.1140625
3 0.79609375 0.47578125 0.1 0.203125
3 0.24140625 0.48125 0.103125 0.184375
3 0.96328125 0.45078125 0.0734375 0.1234375
3 0.74609375 0.19375 0.1046875 0.2265625
3 0.68671875 0.35 0.0921875 0.20625
3 0.3578125 0.3 0.1046875 0.20625
3 0.32578125 0.50625 0.1265625 0.1265625
3 0.94453125 0.6796875 0.0703125 0.1578125
3 0.07578125 0.3453125 0.128125 0.1265625
3 0.984375 0.27421875 0.03125 0.2390625
3 0.09921875 0.22109375 0.1421875 0.1546875