3 0.79296875 0.7359375 0.03515625 0.12421875
3 0.51875 0.55625 0.034375 0.109375
3 0.88125 0.4578125 0.03125 0.10078125
3 0.959375 0.2953125 0.02421875 0.08046875
3 0.98515625 0.7375 0.0296875 0.11953125
2 0.965625 0.4953125 0.02890625 0.096875
3 0.86015625 0.36171875 0.0234375 0.09453125
3 0.57734375 0.4390625 0.0328125 0.10625
3 0.8140625 0.36171875 0.0234375 0.0984375
3 0.6296875 0.490625 0.02890625 0.103125
3 0.821875 0.3546875 0.02578125 0.0984375
1 0.18828125 0.4046875 0.025 0.11015625
2 0.9046875 0.2203125 0.025 0.0796875