3 0.00703125 0.85703125 0.0140625 0.225
3 0.77890625 0.803125 0.071875 0.18046875
3 0.48125 0.96640625 0.06875 0.06640625
3 0.51484375 0.82109375 0.059375 0.2046875
3 0.1328125 0.83125 0.05546875 0.20390625
3 0.290625 0.82421875 0.05859375 0.184375
3 0.4578125 0.70703125 0.05 0.18359375
3 0.4078125 0.86875 0.0609375 0.21953125
3 0.92421875 0.9375 0.0671875 0.125
3 0.2296875 0.91484375 0.059375 0.1703125
3 0.9640625 0.884375 0.05390625 0.21484375
2 0.65859375 0.575 0.05390625 0.178125
3 0.74140625 0.6703125 0.046875 0.16015625