3 0.83359375 0.91796875 0.0515625 0.1640625
3 0.50078125 0.97890625 0.0453125 0.04140625
3 0.8734375 0.9875 0.046875 0.025
3 0.76875 0.8859375 0.0390625 0.1640625
3 0.91640625 0.934375 0.0453125 0.13046875
3 0.65234375 0.90546875 0.0390625 0.13984375
1 0.33125 0.859375 0.03125 0.13359375
3 0.47265625 0.865625 0.03671875 0.1421875
3 0.265625 0.8875 0.0375 0.14140625
3 0.49921875 0.86328125 0.04140625 0.1515625
3 0.85390625 0.88203125 0.03984375 0.153125
3 0.69765625 0.8828125 0.03984375 0.14765625