3 0.425 0.946875 0.08125 0.10546875
3 0.99453125 0.9828125 0.0109375 0.034375
2 0.6140625 0.98046875 0.053125 0.0390625
3 0.4953125 0.90546875 0.05625 0.1890625
3 0.74375 0.8046875 0.04453125 0.175
3 0.665625 0.9515625 0.053125 0.096875
3 0.68359375 0.87890625 0.059375 0.18984375
3 0.83828125 0.8546875 0.05 0.1890625
3 0.90390625 0.88515625 0.05 0.1734375
3 0.78515625 0.78671875 0.04296875 0.17890625
3 0.978125 0.753125 0.04375 0.16640625
3 0.92265625 0.7875 0.04609375 0.1703125
3 0.94140625 0.80234375 0.04609375 0.17265625
1 0.61640625 0.775 0.053125 0.1765625
3 0.98359375 0.74140625 0.0328125 0.16640625