3 0.99296875 0.5140625 0.0140625 0.1609375
2 0.50625 0.48671875 0.040625 0.1578125
3 0.56015625 0.95390625 0.0421875 0.09140625
3 0.4078125 0.42734375 0.040625 0.14921875
3 0.59765625 0.4296875 0.0390625 0.159375
3 0.50078125 0.95390625 0.0515625 0.09140625
3 0.75234375 0.86328125 0.04140625 0.18046875
3 0.8 0.87578125 0.0453125 0.19375
3 0.6875 0.87578125 0.05 0.21015625
3 0.8625 0.84375 0.0453125 0.2171875
3 0.8796875 0.87578125 0.0359375 0.175
3 0.96328125 0.0984375 0.0265625 0.1125
3 0.4078125 0.25234375 0.046875 0.13359375