3 0.853125 0.57578125 0.090625 0.17421875
3 0.7546875 0.97734375 0.075 0.0453125
3 0.61875 0.91953125 0.078125 0.1609375
3 0.8140625 0.84609375 0.07578125 0.178125
3 0.7515625 0.803125 0.05234375 0.15625
3 0.6203125 0.62109375 0.0640625 0.1875
0 0.95546875 0.52265625 0.028125 0.05234375
3 0.6984375 0.77890625 0.059375 0.1859375
3 0.69296875 0.9703125 0.0453125 0.059375
3 0.63671875 0.6671875 0.04921875 0.17109375
1 0.09765625 0.86796875 0.0640625 0.2640625
3 0.66328125 0.73828125 0.05859375 0.178125