3 0.29140625 0.31484375 0.05 0.0875
3 0.10234375 0.33125 0.0546875 0.09375
3 0.2515625 0.21875 0.0765625 0.1078125
2 0.1 0.1421875 0.0734375 0.078125
3 0.0796875 0.2640625 0.05625 0.0921875
3 0.3953125 0.14453125 0.1 0.1
1 0.8671875 0.3140625 0.096875 0.09375
3 0.4609375 0.2390625 0.0828125 0.0828125
3 0.1234375 0.0453125 0.0765625 0.090625
2 0.2359375 0.396875 0.0578125 0.05625
3 0.03671875 0.309375 0.028125 0.078125
3 0.19296875 0.228125 0.0734375 0.0734375
3 0.6671875 0.09140625 0.0765625 0.115625