3 0.89140625 0.71484375 0.03671875 0.08359375
3 0.9890625 0.659375 0.021875 0.071875
3 0.74140625 0.66875 0.03046875 0.07734375
3 0.97109375 0.5921875 0.02890625 0.0734375
3 0.9265625 0.834375 0.034375 0.1078125
3 0.70703125 0.728125 0.0328125 0.08671875
3 0.59921875 0.75859375 0.03828125 0.10859375
3 0.75546875 0.97578125 0.046875 0.0484375
3 0.5578125 0.83203125 0.04375 0.08984375
3 0.62734375 0.79140625 0.025 0.1015625
2 0.971875 0.8421875 0.04140625 0.103125
1 0.30625 0.77109375 0.0390625 0.11015625
2 0.8203125 0.54296875 0.02109375 0.04765625