3 0.59140625 0.83984375 0.04609375 0.1046875
3 0.0015625 0.7515625 0.003125 0.09296875
3 0.38671875 0.68046875 0.0359375 0.084375
3 0.0375 0.690625 0.03046875 0.08515625
3 0.590625 0.9609375 0.02890625 0.078125
2 0.2484375 0.7875 0.040625 0.0921875
3 0.06328125 0.8265625 0.0390625 0.0921875
3 0.08125 0.7234375 0.0359375 0.0859375
3 0.42578125 0.86640625 0.0359375 0.09375
3 0.32421875 0.9484375 0.0328125 0.1
3 0.125 0.8875 0.0421875 0.10546875
0 0.56640625 0.91015625 0.021875 0.0265625
3 0.61953125 0.96015625 0.03046875 0.0796875