3 0.965625 0.7671875 0.04296875 0.0984375
3 0.77109375 0.971875 0.046875 0.05546875
1 0.35859375 0.72890625 0.0359375 0.0953125
3 0.93359375 0.61640625 0.0359375 0.0765625
3 0.68984375 0.82265625 0.03203125 0.09609375
3 0.54921875 0.97578125 0.04375 0.0484375
3 0.73984375 0.84375 0.03984375 0.09375
2 0.83203125 0.9296875 0.03671875 0.10859375
3 0.753125 0.78984375 0.04375 0.08671875
3 0.6515625 0.97578125 0.04453125 0.0484375
3 0.89765625 0.621875 0.03671875 0.08046875
3 0.78515625 0.6828125 0.03984375 0.090625
1 0.08046875 0.77421875 0.09140625 0.16953125