3 0.76171875 0.6421875 0.0296875 0.07890625
3 0.509375 0.878125 0.04453125 0.10390625
3 0.9953125 0.60703125 0.009375 0.08515625
3 0.8171875 0.71875 0.03984375 0.09296875
3 0.91953125 0.58984375 0.0296875 0.0703125
3 0.73984375 0.98671875 0.04921875 0.02578125
2 0.96484375 0.7859375 0.040625 0.09453125
3 0.58984375 0.759375 0.0375 0.0953125
3 0.9375 0.85078125 0.046875 0.1078125
3 0.9765625 0.62734375 0.0328125 0.0828125
3 0.63671875 0.81640625 0.0375 0.103125
3 0.7921875 0.69375 0.03046875 0.08984375
1 0.203125 0.778125 0.040625 0.103125