1 0.02421875 0.83203125 0.0359375 0.1125
3 0.79140625 0.98515625 0.03203125 0.0296875
3 0.79453125 0.8015625 0.028125 0.09140625
3 0.61328125 0.75 0.03984375 0.10703125
3 0.9765625 0.93046875 0.03046875 0.10703125
3 0.93125 0.64765625 0.0234375 0.07734375
3 0.88125 0.75390625 0.02421875 0.0859375
3 0.63984375 0.91171875 0.028125 0.1078125
2 0.85625 0.871875 0.025 0.09453125
3 0.746875 0.596875 0.02109375 0.0625
3 0.79453125 0.64453125 0.02109375 0.08203125
3 0.68125 0.66796875 0.01953125 0.07890625