3 0.6921875 0.7015625 0.090625 0.059375
3 0.6828125 0.8921875 0.09375 0.0546875
3 0.78984375 0.73828125 0.1078125 0.075
2 0.871875 0.8875 0.078125 0.075
3 0.75 0.91171875 0.075 0.0734375
3 0.85859375 0.5921875 0.1140625 0.0765625
1 0.6734375 0.1265625 0.0890625 0.090625
3 0.76171875 0.53046875 0.0875 0.084375
3 0.9546875 0.86640625 0.090625 0.0765625
2 0.6125 0.76015625 0.0703125 0.0453125
3 0.70625 0.95703125 0.078125 0.03125
3 0.7828125 0.796875 0.09375 0.059375
3 0.90234375 0.31875 0.0984375 0.0984375