3 0.09140625 0.3203125 0.05 0.0890625
3 0.01328125 0.38359375 0.0265625 0.0515625
3 0.24453125 0.353125 0.0390625 0.08125
3 0.025 0.44921875 0.05 0.0578125
3 0.04609375 0.20390625 0.046875 0.109375
3 0.27421875 0.290625 0.065625 0.0671875
3 0.37890625 0.25078125 0.0515625 0.1109375
3 0.2046875 0.04921875 0.0546875 0.0546875
3 0.41328125 0.17421875 0.0578125 0.096875
3 0.34765625 0.22109375 0.0734375 0.0734375
2 0.021875 0.20078125 0.04375 0.0828125
1 0.66953125 0.21328125 0.084375 0.0828125
2 0.17734375 0.48515625 0.040625 0.0421875