3 0.40078125 0.21953125 0.0671875 0.065625
3 0.128125 0.43125 0.109375 0.0625
3 0.47265625 0.00390625 0.0859375 0.0078125
3 0.33359375 0.15234375 0.103125 0.0609375
3 0.4765625 0.071875 0.0765625 0.046875
3 0.06015625 0.18828125 0.040625 0.0453125
2 0.28984375 0.01171875 0.0984375 0.0234375
3 0.2578125 0.3703125 0.078125 0.078125
3 0.22109375 0.02265625 0.1140625 0.0453125
3 0.45 0.02265625 0.06875 0.0453125
3 0.20859375 0.315625 0.1109375 0.059375
3 0.3546875 0.18125 0.0953125 0.0484375
1 0.17890625 0.75 0.1125 0.059375