3 0.64609375 0.0078125 0.1046875 0.015625
3 0.8921875 0.12265625 0.0640625 0.065625
1 0.75625 0.58203125 0.0890625 0.0890625
3 0.5078125 0.05078125 0.084375 0.05625
3 0.7671875 0.2375 0.1015625 0.0578125
3 0.95 0.3375 0.059375 0.059375
3 0.77578125 0.184375 0.10625 0.0703125
2 0.83671875 0.07421875 0.115625 0.0671875
3 0.7203125 0.184375 0.08125 0.0828125
3 0.925 0.2375 0.059375 0.0609375
3 0.521875 0.084375 0.0921875 0.0640625
3 0.60859375 0.17890625 0.0984375 0.0625
1 0.8671875 0.840625 0.1953125 0.140625