3 0.74453125 0.63359375 0.03125 0.08125
3 0.92578125 0.575 0.03046875 0.08671875
3 0.80546875 0.71796875 0.0453125 0.0953125
2 0.975 0.76015625 0.03671875 0.08671875
3 0.9625 0.63515625 0.03125 0.08203125
3 0.68203125 0.82265625 0.0484375 0.10546875
1 0.184375 0.7640625 0.04140625 0.10546875
3 0.596875 0.7453125 0.034375 0.09765625
3 0.9796875 0.86015625 0.040625 0.109375
2 0.78046875 0.54140625 0.02421875 0.0640625
3 0.9953125 0.58125 0.009375 0.078125
3 0.86015625 0.69609375 0.0328125 0.08515625
3 0.42890625 0.9359375 0.05 0.1046875